0  -0.000113348
0.1  -0.000113348
0.2  -0.000113347
0.3  -0.000113347
0.4  -0.000113347
0.5  -0.000113347
0.6  -0.000113346
0.7  -0.000113346
0.8  -0.000113347
0.9  -0.000113347
1  -0.000113347
1.1  -0.000113347
1.2  -0.000113348
1.3  -0.000113348
1.4  -0.000113348
1.5  -0.000113349
1.6  -0.000113349
1.7  -0.000113349
1.8  -0.000113349
1.9  -0.000113349
2  -0.000113349
2.1  -0.000113349
2.2  -0.000113349
2.3  -0.000113349
2.4  -0.000113349
2.5  -0.000113349
2.6  -0.00011335
2.7  -0.00011335
2.8  -0.000113351
2.9  -0.000113351
3  -0.000113352
3.1  -0.000113352
3.2  -0.000113353
3.3  -0.000113353
3.4  -0.000113353
3.5  -0.000113353
3.6  -0.000113353
3.7  -0.000113354
3.8  -0.000113354
3.9  -0.000113354
4  -0.000113355
4.1  -0.000113355
4.2  -0.000113356
4.3  -0.000113356
4.4  -0.000113357
4.5  -0.000113358
4.6  -0.000113359
4.7  -0.00011336
4.8  -0.00011336
4.9  -0.00011336
5  -0.000113361
5.1  -0.000113361
5.2  -0.000113361
5.3  -0.000113362
5.4  -0.000113362
5.5  -0.000113363
5.6  -0.000113363
5.7  -0.000113364
5.8  -0.000113365
5.9  -0.000113365
6  -0.000113366
6.1  -0.000113367
6.2  -0.000113368
6.3  -0.000113369
6.4  -0.00011337
6.5  -0.00011337
6.6  -0.000113371
6.7  -0.000113371
6.8  -0.000113372
6.9  -0.000113373
7  -0.000113373
7.1  -0.000113374
7.2  -0.000113375
7.3  -0.000113376
7.4  -0.000113377
7.5  -0.000113379
7.6  -0.00011338
7.7  -0.000113381
7.8  -0.000113383
7.9  -0.000113384
8  -0.000113385
8.1  -0.000113386
8.2  -0.000113386
8.3  -0.000113387
8.4  -0.000113388
8.5  -0.000113389
8.6  -0.00011339
8.7  -0.000113391
8.8  -0.000113392
8.9  -0.000113393
9  -0.000113394
9.1  -0.000113395
9.2  -0.000113396
9.3  -0.000113397
9.4  -0.000113398
9.5  -0.000113399
9.6  -0.0001134
9.7  -0.000113401
9.8  -0.000113401
9.9  -0.000113402
10  -0.000113402
10.1  -0.000113403
10.2  -0.000113404
10.3  -0.000113405
10.4  -0.000113406
10.5  -0.000113407
10.6  -0.000113408
10.7  -0.00011341
10.8  -0.000113411
10.9  -0.000113412
11  -0.000113414
11.1  -0.000113415
11.2  -0.000113416
11.3  -0.000113417
11.4  -0.000113419
11.5  -0.00011342
11.6  -0.000113421
11.7  -0.000113423
11.8  -0.000113424
11.9  -0.000113426
12  -0.000113428
12.1  -0.000113429
12.2  -0.000113431
12.3  -0.000113433
12.4  -0.000113435
12.5  -0.000113437
12.6  -0.000113439
12.7  -0.00011344
12.8  -0.000113442
12.9  -0.000113443
13  -0.000113444
13.1  -0.000113445
13.2  -0.000113447
13.3  -0.000113448
13.4  -0.000113449
13.5  -0.000113451
13.6  -0.000113452
13.7  -0.000113454
13.8  -0.000113456
13.9  -0.000113457
14  -0.000113459
14.1  -0.00011346
14.2  -0.000113462
14.3  -0.000113463
14.4  -0.000113464
14.5  -0.000113465
14.6  -0.000113466
14.7  -0.000113468
14.8  -0.000113469
14.9  -0.00011347
15  -0.000113472
15.1  -0.000113473
15.2  -0.000113475
15.3  -0.000113477
15.4  -0.000113479
15.5  -0.000113481
15.6  -0.000113483
15.7  -0.000113484
15.8  -0.000113486
15.9  -0.000113488
16  -0.000113489
16.1  -0.00011349
16.2  -0.000113492
16.3  -0.000113493
16.4  -0.000113495
16.5  -0.000113496
16.6  -0.000113498
16.7  -0.000113499
16.8  -0.000113501
16.9  -0.000113503
17  -0.000113504
17.1  -0.000113506
17.2  -0.000113508
17.3  -0.000113509
17.4  -0.000113511
17.5  -0.000113512
17.6  -0.000113513
17.7  -0.000113514
17.8  -0.000113515
17.9  -0.000113516
18  -0.000113518
18.1  -0.000113519
18.2  -0.000113521
18.3  -0.000113522
18.4  -0.000113524
18.5  -0.000113526
18.6  -0.000113528
18.7  -0.00011353
18.8  -0.000113532
18.9  -0.000113534
19  -0.000113536
19.1  -0.000113538
19.2  -0.00011354
19.3  -0.000113541
19.4  -0.000113543
19.5  -0.000113545
19.6  -0.000113547
19.7  -0.000113549
19.8  -0.000113552
19.9  -0.000113554
20  -0.000113556
20.1  -0.000113558
20.2  -0.000113561
20.3  -0.000113563
20.4  -0.000113565
20.5  -0.000113567
20.6  -0.000113569
20.7  -0.000113571
20.8  -0.000113572
20.9  -0.000113573
21  -0.000113574
21.1  -0.000113575
21.2  -0.000113577
21.3  -0.000113578
21.4  -0.000113579
21.5  -0.00011358
21.6  -0.000113582
21.7  -0.000113583
21.8  -0.000113585
21.9  -0.000113586
22  -0.000113587
22.1  -0.000113588
22.2  -0.000113589
22.3  -0.00011359
22.4  -0.000113591
22.5  -0.000113592
22.6  -0.000113593
22.7  -0.000113594
22.8  -0.000113595
22.9  -0.000113597
23  -0.000113598
23.1  -0.0001136
23.2  -0.000113602
23.3  -0.000113604
23.4  -0.000113606
23.5  -0.000113608
23.6  -0.00011361
23.7  -0.000113612
23.8  -0.000113614
23.9  -0.000113615
24  -0.000113617
24.1  -0.000113618
24.2  -0.00011362
24.3  -0.000113621
24.4  -0.000113623
24.5  -0.000113625
24.6  -0.000113626
24.7  -0.000113628
24.8  -0.00011363
24.9  -0.000113632
25  -0.000113634
25.1  -0.000113636
25.2  -0.000113637
25.3  -0.000113639
25.4  -0.00011364
25.5  -0.000113641
25.6  -0.000113642
25.7  -0.000113643
25.8  -0.000113644
25.9  -0.000113645
26  -0.000113646
26.1  -0.000113648
26.2  -0.000113649
26.3  -0.00011365
26.4  -0.000113652
26.5  -0.000113654
26.6  -0.000113655
26.7  -0.000113657
26.8  -0.000113659
26.9  -0.00011366
27  -0.000113662
27.1  -0.000113663
27.2  -0.000113664
27.3  -0.000113665
27.4  -0.000113666
27.5  -0.000113668
27.6  -0.000113669
27.7  -0.00011367
27.8  -0.000113672
27.9  -0.000113673
28  -0.000113675
28.1  -0.000113676
28.2  -0.000113678
28.3  -0.000113679
28.4  -0.000113681
28.5  -0.000113682
28.6  -0.000113683
28.7  -0.000113683
28.8  -0.000113683
28.9  -0.000113684
29  -0.000113684
29.1  -0.000113685
29.2  -0.000113685
29.3  -0.000113685
29.4  -0.000113686
29.5  -0.000113687
29.6  -0.000113687
29.7  -0.000113688
29.8  -0.000113689
29.9  -0.00011369
30  -0.00011369
30.1  -0.000113691
30.2  -0.000113692
30.3  -0.000113692
30.4  -0.000113692
30.5  -0.000113693
30.6  -0.000113693
30.7  -0.000113694
30.8  -0.000113695
30.9  -0.000113696
31  -0.000113697
31.1  -0.000113699
31.2  -0.0001137
31.3  -0.000113702
31.4  -0.000113704
31.5  -0.000113705
31.6  -0.000113707
31.7  -0.000113708
31.8  -0.00011371
31.9  -0.000113711
32  -0.000113712
32.1  -0.000113713
32.2  -0.000113714
32.3  -0.000113715
32.4  -0.000113716
32.5  -0.000113717
32.6  -0.000113717
32.7  -0.000113718
32.8  -0.000113719
32.9  -0.00011372
33  -0.000113721
33.1  -0.000113722
33.2  -0.000113722
33.3  -0.000113723
33.4  -0.000113723
33.5  -0.000113722
33.6  -0.000113722
33.7  -0.000113722
33.8  -0.000113721
33.9  -0.000113721
34  -0.000113721
34.1  -0.000113721
34.2  -0.000113721
34.3  -0.000113721
34.4  -0.000113721
34.5  -0.000113721
34.6  -0.000113722
34.7  -0.000113722
34.8  -0.000113722
34.9  -0.000113722
35  -0.000113722
35.1  -0.000113722
35.2  -0.000113722
35.3  -0.000113722
35.4  -0.000113722
35.5  -0.000113723
35.6  -0.000113723
35.7  -0.000113723
35.8  -0.000113724
35.9  -0.000113724
36  -0.000113725
36.1  -0.000113725
36.2  -0.000113726
36.3  -0.000113726
36.4  -0.000113727
36.5  -0.000113727
36.6  -0.000113727
36.7  -0.000113726
36.8  -0.000113726
36.9  -0.000113726
37  -0.000113725
37.1  -0.000113725
37.2  -0.000113725
37.3  -0.000113725
37.4  -0.000113724
37.5  -0.000113724
37.6  -0.000113724
37.7  -0.000113724
37.8  -0.000113724
37.9  -0.000113724
38  -0.000113724
38.1  -0.000113724
38.2  -0.000113724
38.3  -0.000113723
38.4  -0.000113723
38.5  -0.000113723
38.6  -0.000113723
38.7  -0.000113723
38.8  -0.000113723
38.9  -0.000113723
39  -0.000113723
39.1  -0.000113723
39.2  -0.000113724
39.3  -0.000113724
39.4  -0.000113725
39.5  -0.000113725
39.6  -0.000113725
39.7  -0.000113725
39.8  -0.000113725
39.9  -0.000113724
40  -0.000113724
40.1  -0.000113723
40.2  -0.000113723
40.3  -0.000113722
40.4  -0.000113722
40.5  -0.000113721
40.6  -0.00011372
40.7  -0.00011372
40.8  -0.000113719
40.9  -0.000113718
41  -0.000113717
41.1  -0.000113716
41.2  -0.000113715
41.3  -0.000113714
41.4  -0.000113712
41.5  -0.00011371
41.6  -0.000113709
41.7  -0.000113707
41.8  -0.000113706
41.9  -0.000113705
42  -0.000113703
42.1  -0.000113702
42.2  -0.000113701
42.3  -0.0001137
42.4  -0.000113699
42.5  -0.000113698
42.6  -0.000113698
42.7  -0.000113697
42.8  -0.000113696
42.9  -0.000113695
43  -0.000113694
43.1  -0.000113694
43.2  -0.000113693
43.3  -0.000113692
43.4  -0.000113692
43.5  -0.000113692
43.6  -0.000113691
43.7  -0.000113691
43.8  -0.000113691
43.9  -0.00011369
44  -0.00011369
44.1  -0.00011369
44.2  -0.000113689
44.3  -0.000113689
44.4  -0.000113688
44.5  -0.000113687
44.6  -0.000113686
44.7  -0.000113685
44.8  -0.000113684
44.9  -0.000113683
45  -0.000113681
45.1  -0.00011368
45.2  -0.000113679
45.3  -0.000113678
45.4  -0.000113677
45.5  -0.000113675
45.6  -0.000113674
45.7  -0.000113673
45.8  -0.000113671
45.9  -0.00011367
46  -0.000113668
46.1  -0.000113667
46.2  -0.000113665
46.3  -0.000113663
46.4  -0.000113662
46.5  -0.00011366
46.6  -0.000113659
46.7  -0.000113657
46.8  -0.000113656
46.9  -0.000113655
47  -0.000113654
47.1  -0.000113653
47.2  -0.000113652
47.3  -0.00011365
47.4  -0.000113649
47.5  -0.000113648
47.6  -0.000113646
47.7  -0.000113645
47.8  -0.000113643
47.9  -0.000113642
48  -0.00011364
48.1  -0.000113639
48.2  -0.000113637
48.3  -0.000113636
48.4  -0.000113634
48.5  -0.000113633
48.6  -0.000113631
48.7  -0.00011363
48.8  -0.000113628
48.9  -0.000113626
49  -0.000113625
49.1  -0.000113623
49.2  -0.000113621
49.3  -0.000113618
49.4  -0.000113616
49.5  -0.000113614
49.6  -0.000113612
49.7  -0.000113611
49.8  -0.000113609
49.9  -0.000113607
50  -0.000113606
