0,0
0.39,0
0.72,0
1,0
1.52,0
5.2,0
9.54,0
19.19,0
30.07,0

2.39784e-07,0
0.357127,0.160924
0.710355,0.117726
0.995,0.0989678
1.51784,0.0811173
5.19982,0.0439371
9.53994,0.0325074
19.19,0.0229939
30.07,0.018422

9.57288e-07,1.83181e-08
0.264835,0.295072
0.681683,0.232298
0.980048,0.196946
1.51135,0.162004
5.19926,0.0878712
9.53978,0.0650145
19.1899,0.0459877
30.07,0.036844

2.14733e-06,7.20017e-08
0.130055,0.381881
0.634762,0.340652
0.955285,0.292952
1.50056,0.242429
5.19834,0.131799
9.5395,0.0975208
19.1899,0.0689815
30.07,0.055266

3.80226e-06,1.76008e-07
-0.0245329,0.410524
0.570863,0.439893
0.920946,0.386022
1.4855,0.322163
5.19704,0.175717
9.53912,0.130026
19.1898,0.0919752
30.0699,0.0736879

5.9129e-06,3.42947e-07
-0.175593,0.380148
0.491714,0.527382
0.877359,0.475215
1.46621,0.400981
5.19538,0.219623
9.53862,0.16253
19.1897,0.114969
30.0699,0.0921099

8.46925e-06,5.83192e-07
-0.302737,0.297998
0.399449,0.600804
0.82494,0.559624
1.44275,0.478656
5.19335,0.263513
9.53801,0.195032
19.1895,0.137962
30.0698,0.110532

1.1461e-05,9.05108e-07
-0.390389,0.176975
0.296548,0.658226
0.764194,0.638383
1.41518,0.554969
5.19095,0.307385
9.5373,0.227531
19.1893,0.160955
30.0697,0.128954

1.48778e-05,1.31527e-06
-0.428468,0.0334812
0.185766,0.698155
0.695707,0.710676
1.38358,0.629702
5.18818,0.351235
9.53647,0.260028
19.1891,0.183948
30.0696,0.147375

1.87094e-05,1.8186e-06
-0.412576,-0.11423
0.0700593,0.719569
0.620149,0.775745
1.34804,0.702642
5.18504,0.395059
9.53553,0.292522
19.1889,0.206941
30.0696,0.165797

2.29461e-05,2.41855e-06
-0.344101,-0.247383
-0.0475008,0.72194
0.53826,0.832894
1.30867,0.773582
5.18153,0.438856
9.53448,0.325013
19.1886,0.229933
30.0694,0.184219

2.75789e-05,3.11723e-06
-0.230421,-0.34804
-0.163806,0.705248
0.450852,0.881502
1.26557,0.84232
5.17765,0.482621
9.53332,0.3575
19.1884,0.252926
30.0693,0.20264

3.25994e-05,3.91572e-06
-0.0850558,-0.400843
-0.275793,0.669975
0.3588,0.921028
1.21887,0.90866
5.17341,0.526352
9.53205,0.389982
19.188,0.275917
30.0692,0.221062

3.80007e-05,4.81447e-06
0.0726755,-0.395391
-0.380529,0.617087
0.263033,0.951016
1.1687,0.972414
5.16879,0.570046
9.53067,0.422461
19.1877,0.298909
30.0691,0.239484

4.37766e-05,5.81383e-06
0.219227,-0.329082
-0.475277,0.548006
0.164529,0.971105
1.11521,1.0334
5.16382,0.613699
9.52918,0.454934
19.1873,0.3219
30.0689,0.257905

4.99217e-05,6.91453e-06
0.330322,-0.209536
-0.557573,0.464569
0.0643037,0.98103
1.05854,1.09145
5.15847,0.657308
9.52759,0.487403
19.1869,0.34489
30.0688,0.276326

5.64304e-05,8.11785e-06
0.386224,-0.0549731
-0.625283,0.368981
-0.0365974,0.980631
0.998867,1.14639
5.15276,0.700871
9.52587,0.519865
19.1865,0.36788
30.0686,0.294747

6.32965e-05,9.42522e-06
0.377058,0.108855
-0.676657,0.263754
-0.13711,0.969855
0.936349,1.19807
5.14668,0.744384
9.52405,0.552322
19.1861,0.39087
30.0684,0.313168

7.05126e-05,1.08374e-05
0.305494,0.254667
-0.710367,0.151643
-0.236163,0.948758
0.871168,1.24634
5.14023,0.787844
9.52212,0.584772
19.1856,0.413858
30.0682,0.331589

7.80705e-05,1.23536e-05
0.18536,0.359982
-0.725545,0.0355762
-0.332688,0.91751
0.803511,1.29107
5.13342,0.831248
9.52008,0.617216
19.1851,0.436847
30.068,0.35001

8.59621e-05,1.3971e-05
0.0373055,0.411052
-0.721798,-0.0814177
-0.425633,0.876393
0.733568,1.33212
5.12624,0.874592
9.51793,0.649653
19.1846,0.459834
30.0678,0.368431

9.41802e-05,1.56848e-05
-0.116043,0.403654
-0.699222,-0.196287
-0.513975,0.8258
0.661541,1.36939
5.1187,0.917875
9.51567,0.682082
19.184,0.482822
30.0676,0.386852

0.000102719,1.74886e-05
-0.253717,0.341781
-0.658396,-0.306034
-0.596731,0.766235
0.587633,1.40276
5.1108,0.961092
9.5133,0.714503
19.1834,0.505808
30.0673,0.405272

0.000111576,1.93748e-05
-0.358491,0.235609
-0.600372,-0.407788
-0.672972,0.698307
0.512056,1.43214
5.10253,1.00424
9.51082,0.746916
19.1828,0.528794
30.0671,0.423692

0.000120747,2.13356e-05
-0.417867,0.0996127
-0.526646,-0.498879
-0.741835,0.622725
0.435023,1.45746
5.0939,1.04732
9.50823,0.779321
19.1822,0.551779
30.0668,0.442112

0.000130235,2.33629e-05
-0.424556,-0.0489373
-0.439128,-0.576906
-0.802534,0.540291
0.356755,1.47863
5.08491,1.09032
9.50553,0.811716
19.1815,0.574763
30.0665,0.460532

0.000140041,2.54489e-05
-0.376887,-0.191221
-0.340087,-0.639801
-0.854371,0.451892
0.277474,1.4956
5.07556,1.13325
9.50272,0.844102
19.1808,0.597746
30.0663,0.478952

0.00015017,2.75865e-05
-0.279318,-0.308192
-0.232106,-0.685882
-0.896747,0.35849
0.197405,1.50832
5.06584,1.17609
9.4998,0.876479
19.1801,0.620729
30.066,0.497372

0.000160628,2.97697e-05
-0.142944,-0.382368
-0.118009,-0.713901
-0.929169,0.261111
0.116777,1.51675
5.05577,1.21885
9.49677,0.908845
19.1793,0.64371
30.0657,0.515791

0.000171424,3.19941e-05
0.0144539,-0.400363
-0.00079294,-0.723081
-0.951259,0.160828
0.0358173,1.52088
5.04534,1.26153
9.49362,0.941201
19.1786,0.666691
30.0653,0.534211

0.000182567,3.42578e-05
0.169632,-0.356101
0.116449,-0.713135
-0.962758,0.0587564
-0.045243,1.52068
5.03455,1.30411
9.49037,0.973547
19.1777,0.689671
30.065,0.55263

0.000194069,3.65616e-05
0.297188,-0.253785
0.230609,-0.684287
-0.963533,-0.0439696
-0.126174,1.51617
5.0234,1.3466
9.48701,1.00588
19.1769,0.712649
30.0647,0.571048

0.000205938,3.89093e-05
0.374938,-0.108903
0.33865,-0.637262
-0.953574,-0.146205
-0.206746,1.50735
5.01189,1.389
9.48354,1.0382
19.1761,0.735627
30.0643,0.589467

0.000218185,4.13075e-05
0.389636,0.0543103
0.437683,-0.573276
-0.932998,-0.246813
-0.286729,1.49425
5.00003,1.4313
9.47996,1.07051
19.1752,0.758604
30.064,0.607886

0.000230815,4.37644e-05
0.340267,0.208595
0.525053,-0.494002
-0.902048,-0.344677
-0.365898,1.47691
4.98781,1.47349
9.47627,1.10281
19.1743,0.78158
30.0636,0.626304

0.000243833,4.62889e-05
0.237326,0.330022
0.598407,-0.401535
-0.861084,-0.438715
-0.444027,1.45538
4.97524,1.51559
9.47248,1.1351
19.1733,0.804554
30.0632,0.644722

0.000257241,4.88894e-05
0.0990414,0.402258
0.655767,-0.298329
-0.810584,-0.527895
-0.520895,1.42971
4.96231,1.55757
9.46857,1.16737
19.1724,0.827528
30.0628,0.663139

0.00027104,5.15739e-05
-0.0531479,0.417877
0.695582,-0.187137
-0.751132,-0.611247
-0.596283,1.39999
4.94903,1.59944
9.46455,1.19963
19.1714,0.8505
30.0624,0.681557

0.00028523,5.43499e-05
-0.198189,0.377592
0.716773,-0.0709303
-0.683413,-0.687873
-0.669978,1.3663
4.9354,1.6412
9.46042,1.23188
19.1703,0.873471
30.062,0.699974

0.000299811,5.72241e-05
-0.317653,0.288653
0.718768,0.0471781
-0.608199,-0.756958
-0.741771,1.32872
4.92142,1.68284
9.45618,1.26411
19.1693,0.896441
30.0616,0.718391

0.000314782,6.02031e-05
-0.396956,0.163263
0.701516,0.164024
-0.526344,-0.817782
-0.811458,1.28738
4.90709,1.72437
9.45184,1.29632
19.1682,0.91941
30.0611,0.736808

0.000330141,6.32927e-05
-0.426114,0.0172721
0.665487,0.27648
-0.438767,-0.86972
-0.878841,1.24239
4.89241,1.76577
9.44738,1.32853
19.1671,0.942377
30.0607,0.755224

0.000345889,6.64987e-05
-0.400416,-0.130932
0.61166,0.381539
-0.346443,-0.912254
-0.943731,1.19387
4.87738,1.80704
9.44282,1.36071
19.166,0.965343
30.0602,0.773641

0.000362022,6.98262e-05
-0.32125,-0.261659
0.541495,0.476403
-0.250388,-0.944976
-1.00594,1.14197
4.86201,1.84819
9.43814,1.39288
19.1648,0.988307
30.0598,0.792056

0.000378541,7.32802e-05
-0.196972,-0.355674
0.456887,0.558554
-0.151651,-0.967586
-1.0653,1.08683
4.84629,1.8892
9.43336,1.42504
19.1636,1.01127
30.0593,0.810472

0.000395444,7.68655e-05
-0.0433828,-0.396853
0.360116,0.625823
-0.0512949,-0.979901
-1.12163,1.02861
4.83023,1.93008
9.42847,1.45718
19.1624,1.03423
30.0588,0.828887

0.00041273,8.05876e-05
0.117081,-0.375702
0.253779,0.676452
0.0496079,-0.981846
-1.17479,0.967468
4.81382,1.97082
9.42347,1.4893
19.1612,1.05719
30.0583,0.847302

0.0004304,8.44526e-05
0.258394,-0.292865
0.140718,0.709129
0.149993,-0.973458
-1.22461,0.903585
4.79707,2.01143
9.41836,1.5214
19.1599,1.08015
30.0578,0.865717

0.000448451,8.8468e-05
0.356333,-0.160772
0.0239419,0.723029
0.248814,-0.954882
-1.27095,0.837141
4.77999,2.05189
9.41314,1.55349
19.1586,1.10311
30.0572,0.884131

0.000466881,9.26417e-05
0.394531,-0.00167508
-0.0934545,0.717826
0.34505,-0.926366
-1.3137,0.768323
4.76256,2.0922
9.40781,1.58556
19.1573,1.12606
30.0567,0.902546

0.000485684,9.69815e-05
0.368334,0.157711
-0.208374,0.693699
0.437718,-0.888257
-1.35271,0.697328
4.74479,2.13237
9.40237,1.61761
19.156,1.14902
30.0561,0.920959

0.000504854,0.000101494
0.284744,0.292505
-0.317798,0.651323
0.525882,-0.840995
-1.38789,0.624356
4.72669,2.17238
9.39683,1.64964
19.1546,1.17197
30.0556,0.939373

0.000524383,0.000106184
0.159238,0.38418
-0.418864,0.591848
0.608659,-0.785109
-1.41913,0.549614
4.70825,2.21224
9.39117,1.68166
19.1532,1.19492
30.055,0.957786

0.000544261,0.000111054
0.0116193,0.422341
-0.508937,0.516864
0.685229,-0.721208
-1.44635,0.473315
4.68947,2.25194
9.38541,1.71365
19.1518,1.21787
30.0544,0.976198

0.000564481,0.000116104
-0.137469,0.404468
-0.585678,0.428357
0.75484,-0.649974
-1.46947,0.395675
4.67037,2.29149
9.37954,1.74563
19.1503,1.24082
30.0538,0.994611

0.000585035,0.000121333
-0.26886,0.334754
-0.647098,0.328658
0.816811,-0.572155
-1.48842,0.316913
4.65093,2.33087
9.37356,1.77758
19.1488,1.26376
30.0532,1.01302

0.000605918,0.000126738
-0.366274,0.222842
-0.691608,0.220383
0.870542,-0.48856
-1.50315,0.237254
4.63116,2.37008
9.36747,1.80952
19.1473,1.28671
30.0526,1.03143

0.000627124,0.000132316
-0.41728,0.0827591
-0.71806,0.106362
0.915518,-0.400044
-1.51361,0.156923
4.61106,2.40913
9.36128,1.84143
19.1458,1.30965
30.052,1.04985

0.00064865,0.00013806
-0.414229,-0.0680118
-0.725768,-0.0104301
0.951305,-0.307509
-1.51979,0.0761468
4.59064,2.448
9.35497,1.87332
19.1442,1.33259
30.0514,1.06826

0.000670496,0.000143967
-0.355354,-0.209613
-0.71453,-0.126946
0.977564,-0.211891
-1.52165,-0.00484433
4.56989,2.4867
9.34856,1.90519
19.1426,1.35553
30.0507,1.08667

0.000692662,0.00015003
-0.246021,-0.321485
-0.684634,-0.240146
0.994043,-0.114149
-1.5192,-0.0858213
4.54881,2.52522
9.34204,1.93704
19.141,1.37847
30.05,1.10508

0.000715151,0.000156246
-0.0996472,-0.385069
-0.636844,-0.347073
1.00059,-0.0152636
-1.51244,-0.166554
4.52741,2.56357
9.33541,1.96887
19.1394,1.4014
30.0494,1.12349

0.000737968,0.00016261
0.0626355,-0.387589
-0.572392,-0.444924
0.997131,0.0837763
-1.50139,-0.246815
4.50569,2.60173
9.32867,2.00067
19.1377,1.42433
30.0487,1.1419

0.000761121,0.000169123
0.214695,-0.32606
-0.492941,-0.531127
0.983709,0.18198
-1.48609,-0.326375
4.48365,2.63971
9.32183,2.03245
19.136,1.44726
30.048,1.1603

0.000784616,0.000175784
0.330722,-0.209587
-0.400548,-0.603404
0.960447,0.278364
-1.46656,-0.40501
4.4613,2.6775
9.31488,2.06421
19.1343,1.47019
30.0473,1.17871

0.000808461,0.000182599
0.391543,-0.058014
-0.297616,-0.659831
0.927565,0.371959
-1.44288,-0.482496
4.43862,2.7151
9.30782,2.09594
19.1325,1.49312
30.0466,1.19712

0.00083266,0.000189573
0.388985,0.102999
-0.186832,-0.69889
0.885376,0.461821
-1.41511,-0.558613
4.41563,2.75251
9.30065,2.12765
19.1307,1.51604
30.0459,1.21553

0.000857218,0.000196714
0.326473,0.248131
-0.0710987,-0.719516
0.834281,0.547035
-1.38332,-0.633146
4.39233,2.78972
9.29337,2.15934
19.1289,1.53896
30.0451,1.23394

0.000882137,0.000204028
0.216462,0.357096
0.0465363,-0.721122
0.774773,0.626729
-1.3476,-0.705883
4.36871,2.82673
9.28599,2.191
19.1271,1.56188
30.0444,1.25234

0.000907419,0.000211523
0.0767096,0.416825
0.162962,-0.703623
0.707426,0.700076
-1.30806,-0.776618
4.34479,2.86355
9.2785,2.22264
19.1252,1.5848
30.0436,1.27075

0.000933063,0.000219205
-0.0730252,0.421687
0.275087,-0.667443
0.632895,0.766308
-1.26481,-0.84515
4.32056,2.90015
9.2709,2.25425
19.1233,1.60772
30.0428,1.28915

0.00095907,0.000227081
-0.21332,0.372756
0.379921,-0.613505
0.551913,0.824719
-1.21797,-0.911284
4.29602,2.93656
9.2632,2.28583
19.1214,1.63063
30.0421,1.30756

0.00098544,0.000235157
-0.326619,0.276893
0.474657,-0.543213
0.465282,0.874674
-1.16767,-0.974834
4.27117,2.97275
9.25539,2.31739
19.1195,1.65354
30.0413,1.32596

0.00101217,0.000243442
-0.398364,0.145939
0.556751,-0.458415
0.373866,0.915619
-1.11406,-1.03562
4.24603,3.00874
9.24747,2.34892
19.1175,1.67645
30.0405,1.34437

0.00103927,0.000251941
-0.418128,-0.00397838
0.62399,-0.361358
0.27859,0.947085
-1.05729,-1.09346
4.22058,3.04451
9.23945,2.38042
19.1155,1.69936
30.0397,1.36277

0.00106672,0.00026066
-0.380986,-0.153321
0.67456,-0.254623
0.180425,0.968693
-0.99751,-1.14821
4.19483,3.08006
9.23131,2.4119
19.1135,1.72226
30.0388,1.38118

0.00109453,0.000269608
-0.28912,-0.280665
0.707095,-0.141063
0.0803826,0.980166
-0.934899,-1.19969
4.16878,3.1154
9.22308,2.44335
19.1114,1.74516
30.038,1.39958

0.00112271,0.00027879
-0.153214,-0.365378
0.720716,-0.0237167
-0.0204936,0.981325
-0.869633,-1.24777
4.14244,3.15051
9.21473,2.47477
19.1093,1.76806
30.0371,1.41798

0.00115123,0.000288214
0.00737727,-0.391604
0.715057,0.0942734
-0.121141,0.972102
-0.801895,-1.29231
4.11581,3.1854
9.20628,2.50616
19.1072,1.79096
30.0363,1.43638

0.00118012,0.000297889
0.166935,-0.352742
0.690278,0.209746
-0.220486,0.952537
-0.731879,-1.33318
4.08888,3.22007
9.19772,2.53752
19.1051,1.81385
30.0354,1.45478

0.00120936,0.000307827
0.298554,-0.254372
0.647053,0.319613
-0.317459,0.922784
-0.659782,-1.37026
4.06166,3.2545
9.18906,2.56886
19.1029,1.83674
30.0345,1.47318

0.00123895,0.000318037
0.380622,-0.11356
0.586559,0.420943
-0.411003,0.883107
-0.585808,-1.40346
4.03415,3.28871
9.18029,2.60016
19.1007,1.85963
30.0336,1.49158

0.00126888,0.000328533
0.401647,0.0455753
0.510435,0.511039
-0.50009,0.833886
-0.510168,-1.43267
4.00636,3.32268
9.17141,2.63144
19.0985,1.88252
30.0327,1.50998

0.00129915,0.000339325
0.361465,0.197794
0.420736,0.58752
-0.583729,0.775608
-0.433076,-1.45781
3.97829,3.35642
9.16243,2.66268
19.0963,1.9054
30.0318,1.52838

0.00132973,0.000350422
0.269309,0.321519
0.319874,0.648373
-0.660983,0.708868
-0.35475,-1.47881
3.94993,3.38991
9.15334,2.6939
19.094,1.92828
30.0309,1.54678

0.00136063,0.00036183
0.140536,0.401359
0.210551,0.692015
-0.730976,0.634362
-0.275413,-1.49561
3.92129,3.42317
9.14415,2.72508
19.0917,1.95116
30.03,1.56518

0.00139181,0.000373555
-0.00643568,0.428765
0.0956848,0.717325
-0.792911,0.55288
-0.19529,-1.50816
3.89238,3.45619
9.13485,2.75623
19.0894,1.97404
30.029,1.58358

0.00142328,0.000385597
-0.152412,0.401708
-0.0216749,0.723676
-0.846077,0.465299
-0.114608,-1.51643
3.86318,3.48896
9.12544,2.78735
19.087,1.99691
30.0281,1.60197

0.001455,0.000397956
-0.279011,0.324104
-0.138425,0.71094
-0.889859,0.372571
-0.0335958,-1.52039
3.83372,3.52148
9.11593,2.81844
19.0847,2.01978
30.0271,1.62037

0.00148698,0.000410628
-0.369915,0.205301
-0.251491,0.679496
-0.92375,0.275713
0.0475157,-1.52002
3.80398,3.55375
9.10632,2.8495
19.0823,2.04265
30.0261,1.63876

0.00151919,0.000423608
-0.412152,0.0596506
-0.35791,0.630208
-0.947355,0.175795
0.128497,-1.51534
3.77397,3.58577
9.09659,2.88052
19.0798,2.06551
30.0251,1.65716

0.00155163,0.000436888
-0.397704,-0.0941151
-0.454902,0.564403
-0.960399,0.0739255
0.209117,-1.50635
3.7437,3.61753
9.08677,2.91151
19.0774,2.08837
30.0241,1.67555

0.00158429,0.00045046
-0.325452,-0.234192
-0.539942,0.483832
-0.96273,-0.0287625
0.289148,-1.49308
3.71316,3.64904
9.07684,2.94247
19.0749,2.11123
30.0231,1.69395

0.00161716,0.000464313
-0.203049,-0.338285
-0.610823,0.390622
-0.954322,-0.131125
0.368361,-1.47556
3.68236,3.68029
9.0668,2.97339
19.0724,2.13408
30.0221,1.71234

0.00165023,0.000478437
-0.0476324,-0.387736
-0.66571,0.287224
-0.935274,-0.232023
0.446532,-1.45385
3.65129,3.71128
9.05666,3.00428
19.0698,2.15694
30.021,1.73073

0.00168351,0.000492823
0.116008,-0.372407
-0.703182,0.176343
-0.90581,-0.330336
0.523439,-1.42801
3.61997,3.74201
9.04642,3.03513
19.0673,2.17979
30.02,1.74912

0.00171701,0.000507463
0.260381,-0.29423
-0.722269,0.0608757
-0.866277,-0.424977
0.598862,-1.3981
3.58839,3.77247
9.03607,3.06595
19.0647,2.20263
30.0189,1.76752

0.00175071,0.000522351
0.36186,-0.167176
-0.722475,-0.0561659
-0.817134,-0.514908
0.672588,-1.36421
3.55656,3.80266
9.02561,3.09673
19.062,2.22547
30.0179,1.78591

0.00178462,0.000537481
0.405892,-0.0133695
-0.703789,-0.171729
-0.758952,-0.599149
0.744406,-1.32644
3.52447,3.83258
9.01505,3.12748
19.0594,2.24831
30.0168,1.8043

0.00181874,0.000552852
0.388797,0.142541
-0.666687,-0.282795
-0.6924,-0.676793
0.814113,-1.2849
3.49213,3.86224
9.00439,3.15819
19.0567,2.27115
30.0157,1.82269

0.00185308,0.000568458
0.316451,0.278179
-0.61212,-0.386459
-0.618239,-0.747012
0.881509,-1.23971
3.45955,3.89161
8.99363,3.18887
19.054,2.29398
30.0146,1.84107

0.00188764,0.000584296
0.201511,0.376232
-0.541493,-0.48
-0.537311,-0.809072
0.946403,-1.19098
3.42672,3.92071
8.98276,3.21951
19.0513,2.31682
30.0135,1.85946

0.00192242,0.000600361
0.0606403,0.425487
-0.456631,-0.560951
-0.450525,-0.862336
1.00861,-1.13887
3.39365,3.94954
8.97178,3.25011
19.0485,2.33964
30.0124,1.87785

0.00195742,0.000616651
-0.0876715,0.420899
-0.359735,-0.627166
-0.358847,-0.906271
1.06795,-1.08351
3.36034,3.97808
8.9607,3.28067
19.0457,2.36247
30.0112,1.89624

0.00199264,0.000633161
-0.224689,0.363351
-0.253329,-0.676874
-0.263289,-0.940452
1.12427,-1.02507
3.32679,4.00634
8.94952,3.3112
19.0429,2.38529
30.0101,1.91462

0.00202809,0.000649888
-0.332738,0.259451
-0.140196,-0.708731
-0.164893,-0.964564
1.17738,-0.963706
3.29301,4.03432
8.93824,3.34169
19.0401,2.4081
30.0089,1.93301

0.00206378,0.00066683
-0.3966,0.121392
-0.0233066,-0.721858
-0.0647207,-0.978406
1.22716,-0.899601
3.25899,4.06201
8.92685,3.37214
19.0372,2.43092
30.0077,1.95139

0.00209972,0.000683984
-0.4053,-0.0333717
0.0942539,-0.715864
0.0361587,-0.981888
1.27344,-0.832933
3.22474,4.08942
8.91536,3.40255
19.0343,2.45373
30.0066,1.96978

0.0021359,0.000701348
-0.354376,-0.183151
0.209371,-0.690868
0.13668,-0.97503
1.31611,-0.763893
3.19027,4.11653
8.90377,3.43292
19.0314,2.47653
30.0054,1.98816

0.00217234,0.000718924
-0.248216,-0.304444
0.31898,-0.647493
0.235793,-0.95796
1.35504,-0.692676
3.15556,4.14336
8.89207,3.46325
19.0285,2.49934
30.0042,2.00654

0.00220905,0.000736713
-0.101346,-0.376124
0.420154,-0.586859
0.332475,-0.930912
1.39012,-0.619485
3.12064,4.16989
8.88027,3.49355
19.0255,2.52214
30.003,2.02492

0.00224605,0.000754719
0.0628704,-0.384675
0.510181,-0.510552
0.425738,-0.894216
1.42125,-0.544528
3.08549,4.19612
8.86837,3.5238
19.0225,2.54493
30.0017,2.0433

0.00228333,0.000772951
0.21688,-0.328335
0.58664,-0.420587
0.514637,-0.848299
1.44834,-0.468019
3.05013,4.22206
8.85637,3.55401
19.0195,2.56772
30.0005,2.06168

0.00232092,0.000791419
0.335507,-0.21773
0.647471,-0.319352
0.598283,-0.793675
1.47131,-0.390175
3.01455,4.24769
8.84426,3.58418
19.0164,2.59051
29.9993,2.08006

0.00235881,0.000810137
0.401465,-0.0725811
0.691033,-0.209549
0.675846,-0.730941
1.4901,-0.311217
2.97875,4.27303
8.83205,3.61431
19.0133,2.6133
29.998,2.09844

0.00239701,0.00082912
0.407697,0.0835507
0.716151,-0.0941104
0.746562,-0.660767
1.50466,-0.231371
2.94275,4.29806
8.81974,3.6444
19.0102,2.63608
29.9967,2.11682

0.00243553,0.000848383
0.35667,0.227996
0.722149,0.0238711
0.80974,-0.583892
1.51493,-0.150863
2.90653,4.32279
8.80733,3.67445
19.0071,2.65886
29.9954,2.1352

0.00247436,0.000867942
0.258104,0.341958
0.708872,0.141236
0.864768,-0.501112
1.52091,-0.0699226
2.87011,4.34722
8.79482,3.70445
19.0039,2.68163
29.9942,2.15357

0.0025135,0.000887811
0.126531,0.411877
0.676686,0.254845
0.911115,-0.413279
1.52256,0.0112195
2.83349,4.37133
8.7822,3.73442
19.0007,2.7044
29.9929,2.17195

0.00255293,0.000908003
-0.0207178,0.429849
0.626469,0.361661
0.948336,-0.321285
1.51988,0.0923327
2.79667,4.39514
8.76949,3.76433
18.9975,2.72717
29.9915,2.19032

0.00259266,0.000928529
-0.16503,0.39371
0.559585,0.458841
0.976076,-0.226061
1.51288,0.173186
2.75965,4.41863
8.75667,3.79421
18.9943,2.74993
29.9902,2.20869

0.00263267,0.000949401
-0.28782,0.307138
0.477845,0.543806
0.994069,-0.128563
1.50158,0.253549
2.72244,4.44181
8.74375,3.82404
18.991,2.77269
29.9889,2.22707

0.00267295,0.000970627
-0.371971,0.179835
0.383451,0.614317
1.00214,-0.0297699
1.48602,0.333194
2.68503,4.46468
8.73073,3.85383
18.9877,2.79544
29.9875,2.24544

0.0027135,0.000992212
-0.403761,0.0275344
0.278937,0.668527
1.00022,0.0693314
1.46623,0.411893
2.64743,4.48723
8.71761,3.88357
18.9844,2.81819
29.9862,2.26381

0.0027543,0.00101416
-0.375411,-0.128693
0.167097,0.705033
0.988322,0.167749
1.44227,0.489423
2.60965,4.50947
8.70439,3.91327
18.981,2.84094
29.9848,2.28218

0.00279534,0.00103648
-0.28788,-0.264622
0.0509079,0.722907
0.966553,0.264498
1.41422,0.565563
2.57168,4.53138
8.69107,3.94292
18.9777,2.86368
29.9834,2.30055

0.00283661,0.00105917
-0.152746,-0.357045
-0.0665513,0.721718
0.935121,0.358606
1.38215,0.640097
2.53353,4.55297
8.67765,3.97253
18.9743,2.88642
29.982,2.31892

0.0028781,0.00108223
0.00852715,-0.389303
-0.182182,0.701539
0.894325,0.449123
1.34615,0.712812
2.4952,4.57425
8.66413,4.0021
18.9708,2.90916
29.9806,2.33729

0.00291981,0.00110566
0.168851,-0.355964
-0.292945,0.662941
0.844552,0.535129
1.30633,0.783501
2.45669,4.59519
8.6505,4.03161
18.9674,2.93189
29.9792,2.35566

0.00296174,0.00112947
0.301993,-0.26413
-0.395943,0.606972
0.786281,0.615743
1.2628,0.851964
2.41801,4.61582
8.63678,4.06108
18.9639,2.95461
29.9778,2.37402

0.00300387,0.00115366
0.388315,-0.130764
-0.48849,0.535131
0.720074,0.69013
1.21569,0.918006
2.37916,4.63611
8.62296,4.09051
18.9604,2.97734
29.9764,2.39239

0.00304619,0.00117823
0.417599,0.022131
-0.568178,0.44932
0.646576,0.757512
1.16512,0.981439
2.34014,4.65608
8.60904,4.11988
18.9568,3.00005
29.9749,2.41075

0.00308869,0.00120318
0.388916,0.172096
-0.63294,0.351801
0.566506,0.817171
1.11124,1.04208
2.30095,4.67572
8.59502,4.14921
18.9533,3.02277
29.9735,2.42912

0.00313137,0.00122852
0.308887,0.299319
-0.681098,0.245129
0.480658,0.868461
1.05422,1.09977
2.26161,4.69503
8.5809,4.17849
18.9497,3.04548
29.972,2.44748

0.00317422,0.00125424
0.189589,0.388259
-0.711404,0.132094
0.389889,0.910815
0.994198,1.15432
2.2221,4.714
8.56668,4.20773
18.9461,3.06818
29.9705,2.46584

0.00321722,0.00128035
0.0467742,0.428375
-0.723072,0.0156463
0.295115,0.943748
0.93136,1.2056
2.18244,4.73264
8.55237,4.23691
18.9424,3.09088
29.969,2.4842

0.00326036,0.00130683
-0.101546,0.414513
-0.715793,-0.101176
0.197302,0.966869
0.865882,1.25345
2.14262,4.75095
8.53795,4.26605
18.9387,3.11358
29.9675,2.50256

0.00330364,0.00133368
-0.236336,0.347313
-0.689747,-0.215323
0.0974573,0.979882
0.797951,1.29774
2.10265,4.76892
8.52344,4.29513
18.935,3.13627
29.966,2.52092

0.00334704,0.0013609
-0.338981,0.233703
-0.645599,-0.32381
-0.0033776,0.982596
0.72776,1.33835
2.06253,4.78656
8.50882,4.32417
18.9313,3.15896
29.9645,2.53928

0.00339057,0.00138847
-0.393286,0.0872843
-0.584482,-0.423795
-0.104141,0.974926
0.655508,1.37515
2.02227,4.80385
8.49411,4.35316
18.9276,3.18164
29.963,2.55764

0.00343422,0.00141639
-0.388261,-0.071981
-0.507971,-0.512646
-0.20376,0.956894
0.581403,1.40805
1.98187,4.82081
8.4793,4.3821
18.9238,3.20432
29.9614,2.57599

0.00347798,0.00144466
-0.321346,-0.219649
-0.418047,-0.588013
-0.301161,0.92864
0.505654,1.43694
1.94132,4.83742
8.4644,4.41098
18.92,3.227
29.9599,2.59435

0.00352186,0.00147325
-0.200887,-0.330872
-0.317046,-0.647891
-0.395285,0.890411
0.428478,1.46176
1.90064,4.8537
8.44939,4.43982
18.9161,3.24967
29.9583,2.6127

0.00356586,0.00150217
-0.0460151,-0.386143
-0.207604,-0.690671
-0.485097,0.842571
0.350094,1.48243
1.85982,4.86963
8.43429,4.46861
18.9123,3.27233
29.9567,2.63105

0.00360999,0.00153141
0.117164,-0.376467
-0.0925897,-0.715186
-0.569599,0.785593
0.270726,1.49888
1.81888,4.88521
8.41909,4.49734
18.9084,3.29499
29.9551,2.64941

0.00365425,0.00156097
0.261874,-0.305311
0.0249684,-0.720748
-0.647845,0.720058
0.190599,1.51109
1.7778,4.90045
8.4038,4.52602
18.9045,3.31765
29.9535,2.66776

0.00369864,0.00159084
0.366555,-0.186584
0.141962,-0.707167
-0.718949,0.646649
0.10994,1.519
1.7366,4.91535
8.3884,4.55465
18.9005,3.3403
29.9519,2.68611

0.00374319,0.00162104
0.418103,-0.0403024
0.255283,-0.674765
-0.782103,0.566142
0.0289808,1.5226
1.69527,4.92989
8.37291,4.58323
18.8966,3.36294
29.9503,2.70446

0.00378787,0.00165157
0.412292,0.111783
0.361912,-0.624363
-0.836581,0.479404
-0.0520503,1.52189
1.65383,4.94409
8.35733,4.61176
18.8926,3.38559
29.9487,2.72281

0.0038327,0.00168242
0.352541,0.249327
0.458994,-0.557274
-0.881757,0.387378
-0.132922,1.51685
1.61227,4.95794
8.34164,4.64023
18.8886,3.40822
29.947,2.74115

0.00387768,0.00171361
0.24822,0.355218
0.543924,-0.475261
-0.917106,0.291073
-0.213406,1.50752
1.5706,4.97144
8.32587,4.66865
18.8845,3.43086
29.9454,2.7595

0.00392281,0.00174514
0.113109,0.416565
0.614417,-0.380497
-0.942217,0.191551
-0.293272,1.4939
1.52881,4.98459
8.30999,4.69701
18.8804,3.45348
29.9437,2.77785

0.00396808,0.00177702
-0.0358354,0.425353
0.668573,-0.275503
-0.9568,0.0899181
-0.372294,1.47605
1.48692,4.99738
8.29402,4.72532
18.8763,3.4761
29.942,2.79619

0.00401349,0.00180925
-0.179611,0.379135
0.704932,-0.163084
-0.960685,-0.0126963
-0.450247,1.45402
1.44493,5.00982
8.27795,4.75358
18.8722,3.49872
29.9403,2.81453

0.00405904,0.00184184
-0.298537,0.281855
0.722517,-0.0462483
-0.953827,-0.115149
-0.526911,1.42787
1.40283,5.02191
8.26179,4.78178
18.8681,3.52133
29.9386,2.83288

0.00410472,0.00187478
-0.374282,0.144616
0.720858,0.0718762
-0.93631,-0.2163
-0.602068,1.39766
1.36063,5.03365
8.24554,4.80993
18.8639,3.54394
29.9369,2.85122

0.00415053,0.00190808
-0.392818,-0.014203
0.70001,0.188127
-0.908341,-0.315025
-0.675503,1.3635
1.31834,5.04502
8.22918,4.83802
18.8597,3.56654
29.9352,2.86956

0.00419646,0.00194175
-0.348053,-0.170453
0.660545,0.299396
-0.870248,-0.410234
-0.747011,1.32547
1.27595,5.05605
8.21274,4.86605
18.8554,3.58914
29.9335,2.8879

0.00424251,0.00197577
-0.244887,-0.29812
0.603539,0.402716
-0.822476,-0.50088
-0.816386,1.28369
1.23348,5.06671
8.19619,4.89403
18.8512,3.61173
29.9317,2.90624

0.00428868,0.00201016
-0.0997325,-0.375209
0.53054,0.495342
-0.765579,-0.585976
-0.883433,1.23828
1.19092,5.07702
8.17956,4.92196
18.8469,3.63432
29.93,2.92457

0.00433496,0.00204491
0.062784,-0.389337
0.44352,0.574825
-0.700213,-0.664603
-0.947962,1.18936
1.14827,5.08697
8.16283,4.94982
18.8426,3.6569
29.9282,2.94291

0.00438136,0.00208004
0.215869,-0.340306
0.34482,0.639074
-0.627126,-0.735925
-1.00979,1.13707
1.10554,5.09656
8.146,4.97763
18.8382,3.67948
29.9264,2.96124

0.00442787,0.00211553
0.336505,-0.238743
0.237084,0.686418
-0.547147,-0.799193
-1.06874,1.08156
1.06274,5.10579
8.12908,5.00538
18.8338,3.70205
29.9247,2.97958

0.00447448,0.0021514
0.40904,-0.102291
0.123186,0.715639
-0.461177,-0.853757
-1.12465,1.02299
1.01986,5.11465
8.11207,5.03308
18.8295,3.72462
29.9229,2.99791

0.00452119,0.00218765
0.426113,0.0484793
0.00615178,0.726004
-0.370174,-0.899068
-1.17736,0.961532
0.976909,5.12316
8.09497,5.06072
18.825,3.74718
29.9211,3.01624

0.004568,0.00222429
0.387926,0.193182
-0.110926,0.717283
-0.275141,-0.934686
-1.22671,0.897351
0.93389,5.13131
8.07777,5.0883
18.8206,3.76974
29.9192,3.03457

0.00461489,0.00226131
0.300941,0.313579
-0.224964,0.689746
-0.177115,-0.960281
-1.27258,0.830633
0.890805,5.13909
8.06048,5.11582
18.8161,3.79229
29.9174,3.0529

0.00466185,0.00229872
0.176634,0.394764
-0.332973,0.644154
-0.0771556,-0.975635
-1.31482,0.761567
0.847658,5.14652
8.04309,5.14328
18.8116,3.81483
29.9156,3.07123

0.00470888,0.00233651
0.0304671,0.426064
-0.43213,0.581736
0.0236695,-0.980641
-1.35333,0.69035
0.804451,5.15357
8.02561,5.17068
18.8071,3.83737
29.9137,3.08956

0.00475596,0.00237469
-0.119067,0.401976
-0.519853,0.504154
0.124295,-0.975303
-1.38798,0.617183
0.761188,5.16027
8.00804,5.19802
18.8025,3.85991
29.9118,3.10789

0.00480309,0.00241325
-0.251689,0.32331
-0.593864,0.413456
0.22367,-0.959733
-1.41869,0.542273
0.717872,5.1666
7.99038,5.2253
18.7979,3.88244
29.91,3.12621

0.00485026,0.00245218
-0.347314,0.198358
-0.652242,0.312025
0.320766,-0.934148
-1.44536,0.465835
0.674505,5.17257
7.97262,5.25253
18.7933,3.90496
29.9081,3.14453

0.00489746,0.00249147
-0.389129,0.0434722
-0.693474,0.202517
0.414591,-0.898865
-1.46793,0.388083
0.631091,5.17817
7.95478,5.27969
18.7887,3.92748
29.9062,3.16286

0.00494469,0.00253112
-0.367566,-0.118005
-0.71649,0.0877914
0.504196,-0.854294
-1.48632,0.309239
0.587633,5.1834
7.93684,5.30679
18.784,3.94999
29.9043,3.18118

0.00499195,0.00257111
-0.283936,-0.259398
-0.720687,-0.0291576
0.58868,-0.800937
-1.50048,0.229526
0.544134,5.18827
7.91881,5.33383
18.7793,3.9725
29.9024,3.1995

0.00503923,0.00261144
-0.151602,-0.356632
-0.705949,-0.145278
0.667206,-0.739377
-1.51038,0.149171
0.500597,5.19278
7.90069,5.36081
18.7746,3.995
29.9004,3.21782

0.00508655,0.0026521
0.00675384,-0.394184
-0.672647,-0.257537
0.739,-0.670273
-1.51598,0.0684001
0.457025,5.19692
7.88248,5.38773
18.7699,4.01749
29.8985,3.23614

0.00513391,0.00269308
0.164843,-0.368238
-0.621631,-0.362995
0.80336,-0.594352
-1.51727,-0.0125565
0.413421,5.20069
7.86417,5.41458
18.7651,4.03998
29.8965,3.25445

0.0051813,0.00273439
0.298686,-0.285976
-0.554211,-0.458882
0.85966,-0.512402
-1.51425,-0.0934695
0.369789,5.2041
7.84578,5.44138
18.7603,4.06247
29.8946,3.27277

0.00522875,0.00277601
0.390469,-0.162341
-0.472128,-0.542669
0.907357,-0.425266
-1.50692,-0.17411
0.32613,5.20713
7.8273,5.46811
18.7555,4.08495
29.8926,3.29108

0.00527625,0.00281795
0.429931,-0.0162809
-0.37751,-0.612132
0.945994,-0.333831
-1.49531,-0.254248
0.28245,5.2098
7.80872,5.49478
18.7506,4.10742
29.8906,3.3094

0.00532382,0.00286021
0.414108,0.132266
-0.27282,-0.665415
0.975198,-0.23902
-1.47945,-0.333658
0.238749,5.21211
7.79006,5.52138
18.7458,4.12989
29.8886,3.32771

0.00537144,0.0029028
0.346429,0.264398
-0.160796,-0.701077
0.994692,-0.141786
-1.45938,-0.412114
0.195033,5.21405
7.7713,5.54792
18.7409,4.15235
29.8866,3.34602

0.00541913,0.00294571
0.235784,0.363587
-0.0443808,-0.718136
1.00429,-0.0431049
-1.43515,-0.489394
0.151303,5.21561
7.75246,5.5744
18.7359,4.1748
29.8846,3.36433

0.00546689,0.00298896
0.0957432,0.416757
0.0733529,-0.7161
1.00389,0.0560374
-1.40685,-0.565277
0.107562,5.21682
7.73353,5.60081
18.731,4.19725
29.8826,3.38264

0.00551473,0.00303254
-0.0561824,0.415454
0.189285,-0.69498
0.993509,0.154649
-1.37454,-0.63955
0.0638149,5.21765
7.71451,5.62716
18.726,4.21969
29.8805,3.40094

0.00556263,0.00307647
-0.1996,0.357279
0.30033,-0.655298
0.973232,0.251743
-1.33831,-0.712001
0.0200635,5.21812
7.6954,5.65344
18.721,4.24213
29.8785,3.41925

0.0056106,0.00312074
-0.313103,0.247459
0.403522,-0.598076
0.943252,0.346344
-1.29828,-0.782425
-0.023689,5.21821
7.6762,5.67966
18.716,4.26456
29.8764,3.43755

0.00565865,0.00316536
-0.377399,0.0999149
0.496096,-0.524809
0.903853,0.437498
-1.25455,-0.850622
-0.0674393,5.21795
7.65691,5.70582
18.7109,4.28699
29.8743,3.45586

0.00570677,0.00321033
-0.379581,-0.0633168
0.575564,-0.437434
0.85541,0.524279
-1.20725,-0.916397
-0.111184,5.21731
7.63753,5.7319
18.7058,4.30941
29.8722,3.47416

0.00575496,0.00325566
-0.317303,-0.215418
0.639786,-0.338269
0.798386,0.605798
-1.15651,-0.979565
-0.154921,5.2163
7.61807,5.75793
18.7007,4.33182
29.8701,3.49246

0.00580322,0.00330136
-0.200608,-0.330685
0.687033,-0.22996
0.733331,0.681212
-1.10248,-1.03995
-0.198647,5.21493
7.59852,5.78388
18.6956,4.35423
29.868,3.51076

0.00585156,0.00334742
-0.0498102,-0.39077
0.716032,-0.115403
0.660878,0.749734
-1.0453,-1.09737
-0.242358,5.21319
7.57888,5.80977
18.6904,4.37663
29.8659,3.52906

0.00589997,0.00339386
0.109815,-0.388354
0.726008,0.00233573
0.581736,0.810634
-0.985136,-1.15167
-0.286051,5.21109
7.55915,5.83559
18.6852,4.39902
29.8638,3.54735

0.00594846,0.00344068
0.253832,-0.327094
0.7167,0.120103
0.496688,0.863254
-0.922164,-1.20269
-0.329724,5.20861
7.53934,5.86135
18.68,4.42141
29.8617,3.56565

0.00599701,0.00348791
0.362701,-0.218968
0.68837,0.234749
0.406582,0.907014
-0.856558,-1.25029
-0.373373,5.20577
7.51944,5.88704
18.6747,4.44379
29.8595,3.58394

0.00604564,0.00353554
0.423557,-0.0808974
0.641796,0.343211
0.312326,0.941416
-0.788506,-1.29433
-0.416995,5.20257
7.49945,5.91266
18.6695,4.46617
29.8573,3.60224

0.00609432,0.00358359
0.430392,0.0680978
0.578246,0.442605
0.214882,0.966053
-0.718198,-1.33469
-0.460588,5.19899
7.47938,5.93821
18.6642,4.48854
29.8552,3.62053

0.00614306,0.00363208
0.383554,0.208932
0.499441,0.530294
0.115252,0.980614
-0.645835,-1.37125
-0.504147,5.19505
7.45922,5.96369
18.6588,4.5109
29.853,3.63882

0.00619182,0.00368101
0.289125,0.32388
0.407508,0.603967
0.0144732,0.984893
-0.571622,-1.40391
-0.547671,5.19075
7.43897,5.98911
18.6535,4.53326
29.8508,3.65711

0.00624061,0.00373038
0.15843,0.397785
0.304916,0.661697
-0.086393,0.978786
-0.495768,-1.43258
-0.591155,5.18608
7.41864,6.01445
18.6481,4.55561
29.8486,3.6754

0.00628941,0.00378021
0.00754479,0.419413
0.194407,0.701987
-0.186273,0.962302
-0.418489,-1.45716
-0.634598,5.18104
7.39822,6.03973
18.6427,4.57796
29.8464,3.69368

0.0063382,0.00383049
-0.143515,0.383156
0.0789223,0.723811
-0.284093,0.935562
-0.340004,-1.4776
-0.677995,5.17564
7.37772,6.06494
18.6373,4.60029
29.8441,3.71197

0.00638695,0.00388123
-0.272487,0.290988
-0.0384781,0.726636
-0.378788,0.898799
-0.260535,-1.49383
-0.721344,5.16988
7.35714,6.09008
18.6318,4.62262
29.8419,3.73025

0.00643567,0.00393242
-0.357968,0.154045
-0.154697,0.710428
-0.469318,0.85236
-0.180308,-1.5058
-0.764641,5.16375
7.33646,6.11514
18.6263,4.64495
29.8396,3.74853

0.00648432,0.00398406
-0.383919,-0.00742021
-0.266682,0.675653
-0.554679,0.796703
-0.0995508,-1.51349
-0.807885,5.15726
7.31571,6.14014
18.6208,4.66727
29.8374,3.76681

0.0065329,0.00403614
-0.344344,-0.166971
-0.371501,0.62326
-0.633914,0.732394
-0.0184923,-1.51686
-0.85107,5.15041
7.29487,6.16507
18.6153,4.68958
29.8351,3.78509

0.00658139,0.00408864
-0.245768,-0.297766
-0.466422,0.554651
-0.70613,0.660101
0.0626374,-1.51592
-0.894196,5.14319
7.27394,6.18992
18.6097,4.71188
29.8328,3.80337

0.00662978,0.00414156
-0.105758,-0.378997
-0.548973,0.471647
-0.770504,0.580592
0.143608,-1.51065
-0.937258,5.13561
7.25294,6.21471
18.6041,4.73418
29.8305,3.82165

0.00667808,0.00419488
0.0519082,-0.400039
-0.617013,0.376432
-0.826298,0.49472
0.224189,-1.50108
-0.980253,5.12767
7.23185,6.23942
18.5985,4.75647
29.8282,3.83992

0.00672627,0.0042486
0.202853,-0.361015
-0.668777,0.271503
-0.872871,0.403417
0.304151,-1.48723
-1.02318,5.11937
7.21067,6.26406
18.5929,4.77876
29.8259,3.8582

0.00677435,0.00430271
0.326275,-0.270733
-0.70292,0.159603
-0.909684,0.307686
0.383269,-1.46914
-1.06603,5.11071
7.18941,6.28863
18.5872,4.80104
29.8236,3.87647

0.00682231,0.00435721
0.407055,-0.143743
-0.718555,0.0436541
-0.93631,0.208583
0.461315,-1.44686
-1.10881,5.10169
7.16807,6.31313
18.5815,4.82331
29.8213,3.89474

0.00687016,0.00441207
0.436338,0.00230316
-0.715269,-0.0733194
-0.95244,0.107207
0.53807,-1.42045
-1.15151,5.09231
7.14665,6.33755
18.5758,4.84557
29.8189,3.91301

0.00691789,0.00446729
0.411405,0.148616
-0.693135,-0.188264
-0.957888,0.00468701
0.613313,-1.38999
-1.19413,5.08258
7.12514,6.36191
18.57,4.86783
29.8165,3.93128

0.00696549,0.00452287
0.335386,0.276723
-0.652714,-0.298173
-0.952593,-0.0978353
0.686832,-1.35557
-1.23666,5.07248
7.10356,6.38618
18.5642,4.89008
29.8142,3.94955

0.00701297,0.0045788
0.217052,0.36976
-0.595041,-0.400165
-0.93662,-0.199218
0.758417,-1.31727
-1.27911,5.06203
7.08189,6.41039
18.5584,4.91232
29.8118,3.96781

0.00706032,0.00463507
0.0706254,0.413954
-0.521599,-0.491555
-0.910158,-0.298336
0.827865,-1.27522
-1.32146,5.05122
7.06014,6.43452
18.5526,4.93456
29.8094,3.98607

0.00710755,0.00469166
-0.0847452,0.400557
-0.434286,-0.569927
-0.87352,-0.394092
0.894977,-1.22952
-1.36372,5.04006
7.03831,6.45858
18.5468,4.95679
29.807,4.00434

0.00715466,0.00474858
-0.226429,0.328175
-0.335371,-0.633193
-0.827135,-0.485433
0.959563,-1.18031
-1.40589,5.02855
7.01639,6.48256
18.5409,4.97901
29.8046,4.0226

0.00720163,0.00480581
-0.331329,0.20486
-0.227434,-0.679655
-0.771541,-0.571364
1.02144,-1.12773
-1.44795,5.01668
6.9944,6.50647
18.535,5.00123
29.8022,4.04086

0.00724849,0.00486334
-0.380551,0.048643
-0.113303,-0.708048
-0.70738,-0.650956
1.08043,-1.07193
-1.48992,5.00446
6.97233,6.5303
18.5291,5.02344
29.7997,4.05911

0.00729523,0.00492116
-0.36453,-0.114939
0.00401798,-0.71758
-0.635388,-0.723361
1.13636,-1.01306
-1.53177,4.99188
6.95017,6.55406
18.5231,5.04564
29.7973,4.07737

0.00734186,0.00497927
-0.286148,-0.258418
0.121425,-0.707955
-0.556382,-0.787819
1.18908,-0.951293
-1.57352,4.97896
6.92794,6.57775
18.5171,5.06783
29.7948,4.09563

0.0073884,0.00503766
-0.159909,-0.358948
0.235801,-0.679388
-0.471253,-0.843664
1.23844,-0.886804
-1.61516,4.96568
6.90562,6.60135
18.5111,5.09002
29.7923,4.11388

0.00743484,0.00509633
-0.00764555,-0.402856
0.344097,-0.6326
-0.38095,-0.890334
1.28429,-0.819776
-1.65669,4.95206
6.88323,6.62489
18.5051,5.1122
29.7899,4.13213

0.00748121,0.00515527
0.146834,-0.3868
0.443414,-0.568806
-0.286469,-0.927373
1.32651,-0.7504
-1.69809,4.93809
6.86076,6.64834
18.499,5.13437
29.7874,4.15038

0.00752751,0.00521449
0.281956,-0.316295
0.531087,-0.489681
-0.188844,-0.954436
1.36497,-0.678872
-1.73938,4.92377
6.83821,6.67172
18.4929,5.15654
29.7849,4.16863

0.00757375,0.00527399
0.380744,-0.203222
0.604759,-0.397321
-0.0891296,-0.971288
1.39957,-0.605397
-1.78054,4.90911
6.81558,6.69502
18.4868,5.1787
29.7824,4.18688

0.00761995,0.00533379
0.431756,-0.0634565
0.662445,-0.294184
0.0116082,-0.977807
1.4302,-0.530182
-1.82158,4.8941
6.79287,6.71825
18.4807,5.20085
29.7798,4.20512

0.0076661,0.00539389
0.429302,0.084981
0.702593,-0.183025
0.112304,-0.973979
1.45679,-0.453442
-1.86249,4.87874
6.77008,6.7414
18.4745,5.22299
29.7773,4.22337

0.0077122,0.0054543
0.373476,0.223344
0.724124,-0.0668184
0.211905,-0.959901
1.47924,-0.375396
-1.90327,4.86305
6.74722,6.76447
18.4683,5.24513
29.7748,4.24161

0.00775827,0.00551503
0.270253,0.333473
0.726465,0.0513249
0.30938,-0.935775
1.49751,-0.296265
-1.94391,4.84701
6.72427,6.78746
18.4621,5.26726
29.7722,4.25985

0.00780429,0.00557609
0.131618,0.399358
0.709563,0.168242
0.403731,-0.901901
1.51153,-0.216274
-1.98442,4.83064
6.70126,6.81038
18.4558,5.28938
29.7696,4.27809

0.00785027,0.00563749
-0.0246209,0.409258
0.673888,0.280808
0.494004,-0.858676
1.52127,-0.135652
-2.02479,4.81392
6.67816,6.83321
18.4495,5.31149
29.767,4.29633

0.00789619,0.00569924
-0.175969,0.358366
0.620416,0.386021
0.57929,-0.806589
1.52671,-0.0546267
-2.06501,4.79686
6.65499,6.85597
18.4432,5.3336
29.7645,4.31457

0.00794205,0.00576135
-0.29809,0.251417
0.550601,0.481087
0.658744,-0.746208
1.52781,0.0265705
-2.10509,4.77947
6.63174,6.87865
18.4369,5.3557
29.7619,4.3328

0.00798784,0.00582382
-0.369574,0.10382
0.466331,0.563493
0.73158,-0.678181
1.52459,0.107709
-2.14502,4.76175
6.60841,6.90125
18.4306,5.37779
29.7592,4.35103

0.00803356,0.00588665
-0.377444,-0.060287
0.369876,0.631073
0.797087,-0.603226
1.51705,0.188557
-2.18479,4.74369
6.58501,6.92377
18.4242,5.39988
29.7566,4.36927

0.00807919,0.00594985
-0.320886,-0.213334
0.26382,0.682066
0.854627,-0.52212
1.50522,0.268885
-2.22442,4.72529
6.56153,6.94622
18.4178,5.42195
29.754,4.3875

0.00812472,0.00601341
-0.211092,-0.330894
0.150994,0.715159
0.903644,-0.435698
1.48912,0.348465
-2.26388,4.70657
6.53798,6.96858
18.4114,5.44402
29.7513,4.40572

0.00817016,0.00607734
-0.0675411,-0.396574
0.0343929,0.72952
0.943665,-0.344838
1.4688,0.42707
-2.30319,4.68751
6.51435,6.99086
18.4049,5.46608
29.7487,4.42395

0.0082155,0.00614164
0.0870183,-0.403707
-0.0828992,0.724812
0.974308,-0.250461
1.44433,0.504477
-2.34234,4.66813
6.49064,7.01306
18.3984,5.48813
29.746,4.44218

0.00826073,0.0062063
0.230738,-0.354461
-0.197795,0.7012
0.995278,-0.153513
1.41577,0.580466
-2.38132,4.64841
6.46686,7.03518
18.3919,5.51018
29.7433,4.4604

0.00830585,0.00627133
0.345222,-0.257821
-0.307281,0.659344
1.00637,-0.0549681
1.3832,0.65482
-2.42013,4.62838
6.44301,7.05722
18.3854,5.53222
29.7407,4.47862

0.00835084,0.00633674
0.416759,-0.127516
-0.408498,0.600374
1.00749,0.04419
1.34671,0.727328
-2.45877,4.60801
6.41909,7.07918
18.3788,5.55425
29.738,4.49684

0.00839571,0.00640252
0.436851,0.0196495
-0.498807,0.52586
0.998603,0.14297
1.30642,0.797784
-2.49724,4.58733
6.39509,7.10106
18.3722,5.57627
29.7352,4.51506

0.00844044,0.00646867
0.402546,0.165134
-0.575863,0.437773
0.979805,0.240382
1.26243,0.865988
-2.53553,4.56632
6.37101,7.12285
18.3656,5.59828
29.7325,4.53328

0.00848502,0.00653519
0.316847,0.289927
-0.637664,0.338427
0.951268,0.33545
1.21488,0.931746
-2.57364,4.54499
6.34686,7.14457
18.359,5.62029
29.7298,4.55149

0.00852945,0.00660208
0.18917,0.376142
-0.682608,0.230422
0.913261,0.427214
1.16389,0.994871
-2.61157,4.52334
6.32264,7.1662
18.3523,5.64229
29.727,4.56971

0.00857371,0.00666934
0.0355353,0.409257
-0.709526,0.116579
0.866144,0.514743
1.10961,1.05518
-2.64932,4.50138
6.29835,7.18775
18.3456,5.66428
29.7243,4.58792

0.0086178,0.00673695
-0.122204,0.381086
-0.717714,-0.000129139
0.810368,0.597143
1.0522,1.11251
-2.68688,4.4791
6.27399,7.20922
18.3389,5.68626
29.7215,4.60613

0.00866171,0.00680493
-0.258964,0.292883
-0.706949,-0.116658
0.746469,0.673561
0.991816,1.1667
-2.72425,4.4565
6.24955,7.2306
18.3322,5.70823
29.7187,4.62434

0.00870543,0.00687325
-0.351208,0.157094
-0.677498,-0.229963
0.675068,0.7432
0.928638,1.21758
-2.76143,4.4336
6.22504,7.2519
18.3254,5.7302
29.716,4.64254

0.00874895,0.00694191
-0.38278,-0.0040172
-0.630108,-0.337076
0.596863,0.805322
0.862844,1.26503
-2.79841,4.41038
6.20046,7.27312
18.3186,5.75216
29.7132,4.66075

0.00879227,0.0070109
-0.349195,-0.163305
-0.565995,-0.435183
0.512626,0.859255
0.79462,1.30889
-2.8352,4.38685
6.17581,7.29425
18.3118,5.77411
29.7104,4.67895

0.0088354,0.0070802
-0.258153,-0.295256
-0.486811,-0.521696
0.423196,0.904406
0.724161,1.34905
-2.87179,4.36302
6.15108,7.31531
18.305,5.79605
29.7075,4.69715

0.00887833,0.00714981
-0.126425,-0.381134
-0.394608,-0.594319
0.329475,0.940264
0.651668,1.3854
-2.90817,4.33888
6.12629,7.33627
18.2981,5.81798
29.7047,4.71535

0.00892106,0.00721971
0.0247658,-0.411159
-0.291785,-0.65111
0.232416,0.966407
0.577347,1.41783
-2.94435,4.31443
6.10143,7.35715
18.2912,5.83991
29.7019,4.73355

0.00896361,0.00728992
0.173797,-0.384177
-0.181031,-0.690536
0.133016,0.982511
0.501409,1.44624
-2.98033,4.28969
6.07649,7.37795
18.2843,5.86183
29.699,4.75175

0.00900598,0.00736042
0.301319,-0.306111
-0.0652538,-0.711516
0.0323113,0.98835
0.424071,1.47057
-3.01609,4.26464
6.05149,7.39866
18.2773,5.88373
29.6961,4.76994

0.00904816,0.00743121
0.391717,-0.188234
0.0524903,-0.71345
-0.0686407,0.983807
0.345553,1.49074
-3.05164,4.23929
6.02641,7.41929
18.2703,5.90563
29.6933,4.78814

0.00909017,0.00750229
0.433914,-0.0457115
0.169081,-0.696245
-0.168766,0.968873
0.266079,1.50669
-3.08698,4.21365
6.00127,7.43984
18.2633,5.92753
29.6904,4.80633

0.00913201,0.00757367
0.421981,0.103592
0.281415,-0.660318
-0.266989,0.943653
0.185873,1.51839
-3.1221,4.18771
5.97606,7.46029
18.2563,5.94941
29.6875,4.82452

0.00917368,0.00764535
0.355836,0.240287
0.386493,-0.606591
-0.362242,0.908363
0.105166,1.52579
-3.157,4.16148
5.95078,7.48066
18.2493,5.97129
29.6846,4.84271

0.00921518,0.00771733
0.242049,0.345011
0.481498,-0.536466
-0.453479,0.863334
0.0241846,1.52888
-3.19167,4.13496
5.92543,7.50095
18.2422,5.99315
29.6817,4.86089

0.00925651,0.00778962
0.0944435,0.400744
0.563878,-0.451795
-0.539688,0.809009
-0.0568394,1.52765
-3.22612,4.10814
5.90001,7.52115
18.2351,6.01501
29.6787,4.87908

0.00929766,0.00786222
-0.0662673,0.396026
0.631417,-0.354826
-0.619907,0.745939
-0.137676,1.5221
-3.26035,4.08104
5.87453,7.54126
18.2279,6.03686
29.6758,4.89726

0.00933863,0.00793513
-0.214759,0.328541
0.682296,-0.248144
-0.693229,0.67478
-0.218096,1.51225
-3.29434,4.05365
5.84898,7.56129
18.2208,6.0587
29.6728,4.91544

0.00937941,0.00800835
-0.325809,0.207489
0.715148,-0.134602
-0.758821,0.596284
-0.29787,1.49813
-3.32811,4.02598
5.82336,7.58123
18.2136,6.08053
29.6699,4.93362

0.00942,0.0080819
-0.380377,0.0528232
0.729093,-0.017239
-0.815932,0.511294
-0.376773,1.47978
-3.36164,3.99803
5.79767,7.60108
18.2064,6.10236
29.6669,4.95179

0.0094604,0.00815575
-0.37041,-0.10925
0.723766,0.100802
-0.863907,0.420733
-0.454579,1.45726
-3.39493,3.9698
5.77192,7.62085
18.1992,6.12417
29.6639,4.96997

0.00950059,0.00822992
-0.300007,-0.252643
0.699325,0.216364
-0.902191,0.325595
-0.531069,1.43062
-3.42798,3.94129
5.7461,7.64053
18.1919,6.14598
29.6609,4.98814

0.00954058,0.00830439
-0.182938,-0.356703
0.656443,0.326362
-0.93034,0.226929
-0.606025,1.39994
-3.4608,3.9125
5.72021,7.66012
18.1846,6.16778
29.6579,5.00631

0.00958037,0.00837918
-0.038476,-0.408815
0.596292,0.42787
-0.94803,0.125831
-0.679234,1.36531
-3.49336,3.88344
5.69426,7.67962
18.1773,6.18957
29.6549,5.02448

0.00961994,0.00845428
0.112474,-0.404598
0.520503,0.518198
-0.955057,0.0234249
-0.750489,1.32684
-3.52569,3.85411
5.66825,7.69903
18.17,6.21135
29.6519,5.04265

0.0096593,0.00852969
0.250089,-0.346825
0.431122,0.594964
-0.951342,-0.0791472
-0.819588,1.28462
-3.55776,3.82451
5.64216,7.71836
18.1626,6.23312
29.6488,5.06082

0.00969844,0.00860541
0.357261,-0.244059
0.33055,0.656161
-0.936933,-0.180743
-0.886335,1.23878
-3.58959,3.79464
5.61602,7.7376
18.1552,6.25489
29.6458,5.07898

0.00973735,0.00868145
0.420627,-0.109447
0.221478,0.700202
-0.912003,-0.280234
-0.95054,1.18946
-3.62116,3.7645
5.58981,7.75674
18.1478,6.27664
29.6427,5.09714

0.00977603,0.0087578
0.431412,0.0402821
0.106808,0.725961
-0.876846,-0.376519
-1.01202,1.13678
-3.65248,3.7341
5.56353,7.7758
18.1404,6.29838
29.6396,5.1153

0.00981447,0.00883447
0.386415,0.18584
-0.0104222,0.732802
-0.831875,-0.46854
-1.07061,1.08091
-3.68354,3.70344
5.53719,7.79477
18.1329,6.32012
29.6366,5.13346

0.00985266,0.00891144
0.289153,0.306834
-0.12712,0.720586
-0.777615,-0.555291
-1.12613,1.022
-3.71434,3.67253
5.51079,7.81365
18.1254,6.34185
29.6335,5.15162

0.00989059,0.00898873
0.150878,0.384082
-0.24022,0.689674
-0.714693,-0.635835
-1.17843,0.960211
-3.74488,3.64135
5.48433,7.83244
18.1179,6.36357
29.6304,5.16977

0.00992825,0.00906632
-0.00930799,0.403034
-0.346762,0.640914
-0.643831,-0.709313
-1.22736,0.895728
-3.77516,3.60992
5.4578,7.85115
18.1104,6.38528
29.6273,5.18793

0.00996563,0.00914421
-0.16636,0.357789
-0.443966,0.575614
-0.565835,-0.774952
-1.27278,0.828732
-3.80517,3.57824
5.43121,7.86976
18.1028,6.40698
29.6241,5.20608

0.0100027,0.00922239
-0.293846,0.254083
-0.529304,0.495504
-0.481585,-0.832073
-1.31457,0.759413
-3.83491,3.5463
5.40455,7.88828
18.0952,6.42867
29.621,5.22423

0.0100395,0.00930084
-0.370202,0.109172
-0.600558,0.402696
-0.392021,-0.8801
-1.3526,0.687968
-3.86439,3.51412
5.37784,7.90671
18.0876,6.45035
29.6178,5.24237

0.010076,0.00937956
-0.383979,-0.0521745
-0.655878,0.299622
-0.298133,-0.918562
-1.38677,0.614599
-3.89359,3.48169
5.35106,7.92505
18.0799,6.47203
29.6147,5.26052

0.0101122,0.00945853
-0.335643,-0.203818
-0.693829,0.188978
-0.200949,-0.947097
-1.41698,0.539516
-3.92252,3.44902
5.32422,7.94329
18.0723,6.49369
29.6115,5.27866

0.0101481,0.00953773
-0.235736,-0.32365
-0.713419,0.0736519
-0.101519,-0.965456
-1.44315,0.46293
-3.95117,3.41611
5.29732,7.96145
18.0646,6.51535
29.6083,5.2968

0.0101836,0.00961716
-0.101201,-0.396558
-0.714132,-0.0433465
-0.000908412,-0.973498
-1.46519,0.38506
-3.97955,3.38296
5.27036,7.97952
18.0568,6.53699
29.6051,5.31494

0.0102189,0.0096968
0.0482428,-0.415098
-0.695936,-0.158962
0.099819,-0.971196
-1.48306,0.306127
-4.00764,3.34957
5.24334,7.99749
18.0491,6.55863
29.6019,5.33308

0.0102539,0.00977664
0.192785,-0.37888
-0.659287,-0.27017
0.199609,-0.958628
-1.4967,0.226354
-4.03546,3.31595
5.21626,8.01537
18.0413,6.58026
29.5987,5.35122

0.0102886,0.00985667
0.314271,-0.293569
-0.605121,-0.374053
0.297427,-0.935981
-1.50606,0.145967
-4.06299,3.2821
5.18912,8.03316
18.0335,6.60187
29.5955,5.36935

0.010323,0.00993689
0.39739,-0.169962
-0.534829,-0.467875
0.392272,-0.90354
-1.51113,0.0651955
-4.09023,3.24801
5.16192,8.05086
18.0257,6.62348
29.5923,5.38748

0.0103571,0.0100173
0.430732,-0.0232197
-0.450225,-0.549154
0.483182,-0.861688
-1.51189,-0.0157323
-4.11719,3.2137
5.13466,8.06847
18.0179,6.64508
29.589,5.40561

0.010391,0.0100979
0.408013,0.127955
-0.353508,-0.615725
0.569244,-0.810897
-1.50833,-0.0965867
-4.14386,3.17917
5.10734,8.08598
18.01,6.66667
29.5858,5.42374

0.0104246,0.0101787
0.32955,0.262607
-0.247199,-0.665801
0.6496,-0.751725
-1.50047,-0.177138
-4.17023,3.14441
5.07996,8.1034
18.0021,6.68825
29.5825,5.44186

0.010458,0.0102596
0.203713,0.359788
-0.134085,-0.698021
0.723458,-0.684807
-1.48833,-0.257159
-4.19632,3.10944
5.05253,8.12073
17.9942,6.70982
29.5792,5.45999

0.0104911,0.0103407
0.0475434,0.402107
-0.0171448,-0.711489
0.790094,-0.610849
-1.47194,-0.336421
-4.2221,3.07424
5.02503,8.13796
17.9862,6.73139
29.5759,5.47811

0.010524,0.010422
-0.114707,0.380136
0.100528,-0.705808
0.848859,-0.530619
-1.45135,-0.4147
-4.2476,3.03884
4.99748,8.15511
17.9782,6.75294
29.5726,5.49623

0.0105566,0.0105035
-0.255903,0.296006
0.215809,-0.681085
0.899183,-0.444941
-1.42662,-0.491774
-4.27279,3.00322
4.96987,8.17215
17.9702,6.77448
29.5693,5.51435

0.010589,0.0105852
-0.352361,0.163941
0.325622,-0.637941
0.940582,-0.354689
-1.39782,-0.567424
-4.29768,2.96738
4.94221,8.18911
17.9622,6.79601
29.566,5.53246

0.0106212,0.010667
-0.389487,0.00680606
0.427029,-0.577493
0.972658,-0.260775
-1.36502,-0.641436
-4.32227,2.93135
4.91448,8.20597
17.9541,6.81754
29.5627,5.55058

0.0106531,0.010749
-0.364155,-0.149726
0.51731,-0.501329
0.995101,-0.164144
-1.32833,-0.713599
-4.34656,2.89511
4.88671,8.22273
17.9461,6.83905
29.5593,5.56869

0.0106848,0.0108312
-0.283522,-0.28258
0.594037,-0.411466
1.00769,-0.065762
-1.28784,-0.783709
-4.37054,2.85866
4.85887,8.2394
17.938,6.86055
29.556,5.5868

0.0107163,0.0109136
-0.161878,-0.374533
0.655146,-0.310297
1.01032,0.0333858
-1.24367,-0.851566
-4.39422,2.82202
4.83098,8.25598
17.9298,6.88205
29.5526,5.6049

0.0107476,0.0109962
-0.0173209,-0.415315
0.698992,-0.200523
1.00294,0.132309
-1.19594,-0.916978
-4.41758,2.78518
4.80303,8.27246
17.9217,6.90353
29.5492,5.62301

0.0107787,0.0110789
0.130836,-0.401429
0.7244,-0.0850826
0.985626,0.230017
-1.1448,-0.979758
-4.44064,2.74814
4.77503,8.28885
17.9135,6.92501
29.5458,5.64111

0.0108095,0.0111619
0.263852,-0.335522
0.730694,0.032934
0.958539,0.325531
-1.09038,-1.03973
-4.46338,2.71091
4.74698,8.30514
17.9053,6.94647
29.5424,5.65921

0.0108402,0.0112451
0.364865,-0.22577
0.717718,0.150368
0.921931,0.417886
-1.03283,-1.09672
-4.48581,2.6735
4.71887,8.32134
17.8971,6.96793
29.539,5.67731

0.0108707,0.0113285
0.420098,-0.0853681
0.685838,0.264082
0.87615,0.506147
-0.972332,-1.15057
-4.50792,2.63589
4.6907,8.33744
17.8888,6.98937
29.5356,5.69541

0.0109009,0.0114121
0.420291,0.0680398
0.63593,0.371046
0.821631,0.589412
-0.909041,-1.20112
-4.52972,2.59811
4.66249,8.35345
17.8805,7.01081
29.5322,5.7135

0.010931,0.011496
0.362489,0.213426
0.569353,0.468419
0.758898,0.666821
-0.843141,-1.24824
-4.5512,2.56014
4.63421,8.36936
17.8722,7.03224
29.5287,5.7316

0.0109608,0.0115802
0.251933,0.328511
0.487911,0.553628
0.688559,0.737566
-0.774819,-1.29178
-4.57236,2.52199
4.60589,8.38517
17.8639,7.05365
29.5253,5.74969

0.0109904,0.0116646
0.103193,0.393377
0.393796,0.624437
0.6113,0.800898
-0.704268,-1.33162
-4.5932,2.48367
4.57751,8.40089
17.8555,7.07506
29.5218,5.76778

0.0110197,0.0117492
-0.0607732,0.395208
0.289533,0.678999
0.527884,0.856135
-0.631688,-1.36765
-4.61372,2.44518
4.54908,8.41651
17.8472,7.09645
29.5183,5.78586

0.0110488,0.0118342
-0.212648,0.332456
0.177901,0.71591
0.439141,0.902671
-0.557284,-1.39977
-4.63391,2.40651
4.5206,8.43204
17.8387,7.11784
29.5148,5.80395

0.0110776,0.0119194
-0.327085,0.216046
0.0618647,0.734236
0.345963,0.939979
-0.481268,-1.42788
-4.65378,2.36768
4.49207,8.44747
17.8303,7.13922
29.5113,5.82203

0.0111061,0.0120049
-0.386651,0.0665132
-0.0555094,0.733537
0.249298,0.967625
-0.403854,-1.45191
-4.67332,2.32868
4.46348,8.4628
17.8219,7.16058
29.5078,5.84011

0.0111343,0.0120906
-0.38475,-0.0914426
-0.171133,0.713873
0.150139,0.985267
-0.325263,-1.47178
-4.69253,2.28952
4.43484,8.47803
17.8134,7.18194
29.5043,5.85819

0.0111622,0.0121766
-0.325072,-0.234288
-0.281975,0.675798
0.0495168,0.992665
-0.245717,-1.48743
-4.71141,2.25019
4.40616,8.49317
17.8049,7.20328
29.5008,5.87626

0.0111898,0.0122629
-0.218987,-0.343116
-0.38514,0.620344
-0.0515121,0.989685
-0.165441,-1.49883
-4.72996,2.21072
4.37742,8.50821
17.7963,7.22462
29.4973,5.89434

0.011217,0.0123494
-0.082579,-0.405127
-0.477941,0.548989
-0.151874,0.976302
-0.0846648,-1.50594
-4.74818,2.17109
4.34863,8.52315
17.7878,7.24594
29.4937,5.91241

0.0112439,0.0124361
0.0658018,-0.413846
-0.557966,0.463617
-0.250491,0.952603
-0.00361598,-1.50873
-4.76607,2.1313
4.31979,8.538
17.7792,7.26726
29.4901,5.93048

0.0112704,0.012523
0.207309,-0.368859
-0.623137,0.366471
-0.346293,0.91879
0.0774748,-1.5072
-4.78362,2.09137
4.29091,8.55275
17.7706,7.28856
29.4866,5.94854

0.0112966,0.0126102
0.323954,-0.275504
-0.671761,0.260093
-0.438228,0.875176
0.158377,-1.50136
-4.80083,2.05129
4.26197,8.5674
17.7619,7.30986
29.483,5.96661

0.0113224,0.0126976
0.399917,-0.144662
-0.702572,0.147262
-0.525279,0.822189
0.238862,-1.49121
-4.81771,2.01107
4.23299,8.58195
17.7533,7.33114
29.4794,5.98467

0.0113479,0.0127851
0.423146,0.00753525
-0.714764,0.0309212
-0.606473,0.760365
0.318699,-1.47679
-4.83425,1.97071
4.20395,8.5964
17.7446,7.35241
29.4758,6.00273

0.011373,0.0128728
0.387419,0.160484
-0.708007,-0.0858926
-0.680895,0.690346
0.397663,-1.45814
-4.85045,1.93022
4.17487,8.61075
17.7359,7.37368
29.4722,6.02079

0.0113977,0.0129608
0.294654,0.291044
-0.682461,-0.200127
-0.747699,0.612873
0.475529,-1.4353
-4.86631,1.88959
4.14574,8.62501
17.7272,7.39493
29.4685,6.03885

0.0114221,0.0130488
0.1566,0.377141
-0.63877,-0.308788
-0.806122,0.528776
0.552074,-1.40835
-4.88183,1.84882
4.11656,8.63917
17.7184,7.41617
29.4649,6.0569

0.0114461,0.0131371
-0.00556207,0.402781
-0.578053,-0.409021
-0.855494,0.438969
0.627083,-1.37735
-4.897,1.80793
4.08734,8.65322
17.7096,7.4374
29.4613,6.07495

0.0114696,0.0132255
-0.164857,0.362742
-0.501871,-0.498178
-0.895245,0.344436
0.70034,-1.3424
-4.91183,1.76692
4.05807,8.66718
17.7008,7.45863
29.4576,6.093

0.0114929,0.013314
-0.294763,0.264446
-0.412196,-0.573894
-0.924917,0.246221
0.771638,-1.30359
-4.92632,1.72578
4.02875,8.68104
17.692,7.47984
29.4539,6.11105

0.0115157,0.0134027
-0.375372,0.125726
-0.311362,-0.634142
-0.944167,0.145415
0.840774,-1.26104
-4.94046,1.68452
3.99939,8.6948
17.6831,7.50104
29.4502,6.12909

0.0115381,0.0134914
-0.39681,-0.0301724
-0.202006,-0.677298
-0.952774,0.043138
0.90755,-1.21487
-4.95425,1.64314
3.96998,8.70846
17.6742,7.52223
29.4466,6.14714

0.0115602,0.0135803
-0.359292,-0.179767
-0.0870005,-0.702179
-0.950643,-0.0594686
0.971777,-1.16519
-4.9677,1.60165
3.94052,8.72202
17.6653,7.54341
29.4429,6.16518

0.0115819,0.0136692
-0.27108,-0.302931
0.0306177,-0.708082
-0.937804,-0.161262
1.03327,-1.11217
-4.98079,1.56005
3.91102,8.73548
17.6564,7.56457
29.4391,6.18322

0.0116033,0.0137582
-0.145896,-0.384684
0.14773,-0.694809
-0.914413,-0.261111
1.09186,-1.05594
-4.99354,1.51834
3.88148,8.74884
17.6474,7.58573
29.4354,6.20125

0.0116243,0.0138473
-0.000685836,-0.415774
0.261218,-0.662671
-0.880748,-0.35791
1.14737,-0.996661
-5.00594,1.47652
3.85189,8.7621
17.6384,7.60688
29.4317,6.21929

0.011645,0.0139364
0.146075,-0.392752
0.368048,-0.612491
-0.837206,-0.450593
1.19965,-0.93451
-5.01798,1.4346
3.82226,8.77526
17.6294,7.62801
29.4279,6.23732

0.0116653,0.0140256
0.275729,-0.317977
0.465359,-0.545577
-0.784296,-0.53815
1.24855,-0.869658
-5.02967,1.39259
3.79258,8.78832
17.6204,7.64914
29.4242,6.25535

0.0116853,0.0141149
0.370792,-0.199713
0.550534,-0.463696
-0.72263,-0.619632
1.29392,-0.802291
-5.04101,1.35047
3.76286,8.80128
17.6113,7.67025
29.4204,6.27337

0.0117051,0.0142042
0.416666,-0.0521597
0.621284,-0.369024
-0.652918,-0.69417
1.33565,-0.732599
-5.052,1.30826
3.73309,8.81414
17.6022,7.69136
29.4166,6.2914

0.0117245,0.0142936
0.403939,0.104997
0.675703,-0.264085
-0.575955,-0.760979
1.3736,-0.660781
-5.06263,1.26596
3.70329,8.82689
17.5931,7.71245
29.4128,6.30942

0.0117436,0.0143831
0.331093,0.24825
0.712332,-0.151687
-0.492609,-0.819366
1.40768,-0.58704
-5.0729,1.22358
3.67344,8.83955
17.584,7.73353
29.409,6.32744

0.0117625,0.0144726
0.206753,0.353794
0.73019,-0.0348397
-0.403813,-0.868743
1.43778,-0.511587
-5.08282,1.18111
3.64355,8.85211
17.5748,7.7546
29.4052,6.34546

0.0117811,0.0145622
0.0498814,0.402727
0.728809,0.0833282
-0.310548,-0.908622
1.46382,-0.434635
-5.09239,1.13856
3.61362,8.86456
17.5657,7.77566
29.4014,6.36347

0.0117993,0.014652
-0.113412,0.386239
0.708244,0.199656
-0.213836,-0.938627
1.48572,-0.356404
-5.10159,1.09592
3.58364,8.87691
17.5564,7.79671
29.3976,6.38148

0.0118173,0.0147418
-0.255937,0.308118
0.669065,0.31104
-0.114724,-0.958492
1.50343,-0.277117
-5.11044,1.05322
3.55363,8.88916
17.5472,7.81775
29.3937,6.3995

0.011835,0.0148317
-0.355732,0.183178
0.612346,0.414517
-0.014274,-0.968061
1.51689,-0.196997
-5.11892,1.01044
3.52357,8.90131
17.538,7.83878
29.3899,6.4175

0.0118524,0.0149217
-0.399903,0.032761
0.53963,0.507346
0.0864505,-0.96729
1.52606,-0.116275
-5.12705,0.967588
3.49348,8.91336
17.5287,7.8598
29.386,6.43551

0.0118694,0.0150118
-0.385257,-0.120204
0.452879,0.587082
0.186394,-0.956242
1.53092,-0.0351786
-5.13482,0.924672
3.46334,8.9253
17.5194,7.8808
29.3821,6.45351

0.0118862,0.015102
-0.316823,-0.254855
0.354427,0.651639
0.284522,-0.935087
1.53145,0.0460607
-5.14223,0.881692
3.43317,8.93714
17.51,7.90179
29.3782,6.47151

0.0119027,0.0151923
-0.205676,-0.354427
0.246906,0.699342
0.379826,-0.904095
1.52765,0.127212
-5.14927,0.838651
3.40295,8.94888
17.5007,7.92278
29.3743,6.48951

0.0119188,0.0152827
-0.0669535,-0.407152
0.133176,0.728973
0.471341,-0.863634
1.51954,0.208044
-5.15596,0.795553
3.3727,8.96052
17.4913,7.94375
29.3704,6.50751

0.0119347,0.0153732
0.0817073,-0.406648
0.016249,0.739791
0.558145,-0.814163
1.50713,0.288327
-5.16228,0.7524
3.34241,8.97205
17.4819,7.96471
29.3665,6.5255

0.0119502,0.0154638
0.221453,-0.352221
-0.100792,0.731554
0.639375,-0.756225
1.49046,0.367833
-5.16824,0.709196
3.31208,8.98349
17.4724,7.98566
29.3626,6.54349

0.0119654,0.0155545
0.333554,-0.249278
-0.214873,0.70452
0.714226,-0.690443
1.46959,0.446336
-5.17384,0.665943
3.28171,8.99482
17.463,8.0066
29.3586,6.56148

0.0119803,0.0156452
0.401177,-0.109707
-0.32301,0.659432
0.781966,-0.61751
1.44456,0.523611
-5.17907,0.622644
3.2513,9.00604
17.4535,8.02752
29.3547,6.57947

0.0119949,0.0157361
0.411867,0.0482011
-0.422384,0.597501
0.841932,-0.538187
1.41545,0.59944
-5.18395,0.579303
3.22086,9.01717
17.444,8.04844
29.3507,6.59745

0.0120091,0.015827
0.360631,0.201082
-0.510409,0.520369
0.893544,-0.453287
1.38234,0.673607
-5.18845,0.535923
3.19038,9.02819
17.4345,8.06934
29.3468,6.61544

0.012023,0.0159181
0.252735,0.323854
-0.584797,0.430067
0.936303,-0.363677
1.34533,0.745901
-5.1926,0.492506
3.15987,9.0391
17.4249,8.09023
29.3428,6.63342

0.0120366,0.0160092
0.104525,0.395054
-0.643617,0.328962
0.969797,-0.270261
1.30453,0.816117
-5.19637,0.449056
3.12931,9.04992
17.4153,8.11111
29.3388,6.65139

0.0120498,0.0161004
-0.0592578,0.402436
-0.68534,0.219696
0.993702,-0.173979
1.26004,0.884055
-5.19979,0.405575
3.09873,9.06063
17.4057,8.13198
29.3348,6.66937

0.0120626,0.0161917
-0.21128,0.346102
-0.708876,0.10512
1.00779,-0.0757956
1.21201,0.949522
-5.20283,0.362067
3.0681,9.07123
17.3961,8.15284
29.3308,6.68734

0.0120752,0.0162831
-0.327984,0.237596
-0.713603,-0.0117753
1.01191,0.0233078
1.16055,1.01233
-5.20552,0.318535
3.03744,9.08174
17.3864,8.17369
29.3267,6.70531

0.0120873,0.0163745
-0.393774,0.0959553
-0.699384,-0.127938
1.00604,0.122341
1.10583,1.07231
-5.20783,0.274982
3.00675,9.09213
17.3768,8.19452
29.3227,6.72328

0.0120991,0.0164659
-0.402197,-0.0569342
-0.666569,-0.240329
0.990209,0.220313
1.048,1.12928
-5.20979,0.23141
2.97602,9.10243
17.3671,8.21535
29.3186,6.74124

0.0121105,0.0165574
-0.354999,-0.199969
-0.615991,-0.345999
0.964573,0.316241
0.987215,1.18308
-5.21137,0.187824
2.94526,9.11262
17.3573,8.23616
29.3146,6.7592

0.0121216,0.016649
-0.260385,-0.315037
-0.548948,-0.442164
0.92937,0.409159
0.923657,1.23357
-5.21259,0.144226
2.91447,9.1227
17.3476,8.25696
29.3105,6.77716

0.0121323,0.0167405
-0.131323,-0.388176
-0.467168,-0.526278
0.88493,0.498125
0.857506,1.28059
-5.21345,0.100618
2.88364,9.13269
17.3378,8.27775
29.3064,6.79512

0.0121426,0.016832
0.0158349,-0.410235
-0.372774,-0.5961
0.831676,0.58223
0.78895,1.32401
-5.21393,0.0570051
2.85278,9.14256
17.328,8.29852
29.3023,6.81308

0.0121527,0.0169236
0.162519,-0.377472
-0.268229,-0.649756
0.770119,0.660606
0.718184,1.36372
-5.21405,0.0133891
2.82188,9.15234
17.3182,8.31929
29.2982,6.83103

0.0121623,0.0170152
0.289206,-0.292261
-0.156272,-0.685789
0.700853,0.732436
0.64541,1.3996
-5.21381,-0.0302266
2.79096,9.162
17.3083,8.34004
29.2941,6.84898

0.0121717,0.0171067
0.377192,-0.163847
-0.0398533,-0.703204
0.624554,0.79696
0.570835,1.43155
-5.2132,-0.073839
2.76,9.17157
17.2984,8.36078
29.29,6.86692

0.0121808,0.0171983
0.411199,-0.00867306
0.0779462,-0.701495
0.541973,0.853485
0.494672,1.45947
-5.21222,-0.117445
2.72901,9.18103
17.2885,8.38151
29.2859,6.88487

0.0121895,0.0172898
0.382792,0.150547
0.193996,-0.680666
0.453931,0.901391
0.417136,1.4833
-5.21088,-0.161041
2.69799,9.19038
17.2786,8.40223
29.2817,6.90281

0.012198,0.0173814
0.293715,0.287952
0.305199,-0.641234
0.361313,0.940138
0.33845,1.50296
-5.20917,-0.204626
2.66694,9.19963
17.2687,8.42294
29.2776,6.92075

0.0122061,0.017473
0.157348,0.379907
0.40858,-0.584219
0.26506,0.969276
0.258835,1.51839
-5.2071,-0.248194
2.63586,9.20877
17.2587,8.44363
29.2734,6.93869

0.0122139,0.0175646
-0.00341003,0.410956
0.501364,-0.511118
0.166159,0.988449
0.17852,1.52956
-5.20466,-0.291744
2.60475,9.21781
17.2487,8.46431
29.2692,6.95662

0.0122215,0.0176562
-0.161608,0.377542
0.581056,-0.423868
0.0656365,0.997401
0.097732,1.53644
-5.20185,-0.335272
2.5736,9.22674
17.2387,8.48498
29.265,6.97456

0.0122287,0.0177478
-0.292577,0.287754
0.645514,-0.324793
-0.0354513,0.995982
0.0167007,1.539
-5.19868,-0.378775
2.54243,9.23557
17.2286,8.50564
29.2608,6.99248

0.0122356,0.0178395
-0.378402,0.157977
0.693003,-0.21654
-0.136032,0.984149
-0.0643435,1.53724
-5.19514,-0.422251
2.51123,9.24429
17.2186,8.52629
29.2566,7.01041

0.0122422,0.0179312
-0.409578,0.00859369
0.722252,-0.102007
-0.235026,0.961975
-0.145171,1.53116
-5.19124,-0.465696
2.48001,9.25291
17.2085,8.54692
29.2524,7.02834

0.0122485,0.0180229
-0.384594,-0.139546
0.732483,0.0157385
-0.33136,0.929643
-0.225551,1.52078
-5.18698,-0.509107
2.44875,9.26141
17.1984,8.56755
29.2482,7.04626

0.0122545,0.0181146
-0.308631,-0.267444
0.723437,0.133545
-0.423978,0.887452
-0.305256,1.50614
-5.18235,-0.55248
2.41746,9.26982
17.1882,8.58816
29.2439,7.06418

0.0122602,0.0182064
-0.192181,-0.359312
0.695376,0.248265
-0.511856,0.835813
-0.384061,1.48728
-5.17735,-0.595814
2.38615,9.27812
17.178,8.60875
29.2397,7.08209

0.0122655,0.0182982
-0.049896,-0.403472
0.649074,0.356843
-0.594012,0.775248
-0.46174,1.46424
-5.17199,-0.639105
2.35481,9.28631
17.1678,8.62934
29.2354,7.10001

0.0122706,0.01839
0.100411,-0.3932
0.585796,0.456396
-0.669522,0.706384
-0.538075,1.4371
-5.16627,-0.68235
2.32345,9.29439
17.1576,8.64991
29.2311,7.11792

0.0122753,0.0184818
0.238899,-0.327739
0.507258,0.544294
-0.737529,0.62995
-0.612848,1.40593
-5.16019,-0.725546
2.29205,9.30237
17.1474,8.67048
29.2268,7.13583

0.0122797,0.0185737
0.345402,-0.213412
0.415575,0.618229
-0.797258,0.546764
-0.685848,1.37083
-5.15374,-0.768689
2.26063,9.31025
17.1371,8.69102
29.2225,7.15373

0.0122837,0.0186656
0.402106,-0.0644065
0.313205,0.676275
-0.848024,0.457729
-0.756867,1.33189
-5.14693,-0.811777
2.22919,9.31801
17.1268,8.71156
29.2182,7.17164

0.0122875,0.0187575
0.397244,0.0977192
0.20288,0.716935
-0.889243,0.363822
-0.825704,1.28922
-5.13976,-0.854808
2.19772,9.32567
17.1165,8.73209
29.2139,7.18954

0.0122908,0.0188495
0.328947,0.246833
0.0875256,0.739176
-0.92044,0.266078
-0.892165,1.24295
-5.13223,-0.897776
2.16622,9.33323
17.1062,8.7526
29.2096,7.20744

0.0122938,0.0189415
0.207345,0.35757
-0.0298091,0.742456
-0.941255,0.165583
-0.956061,1.19321
-5.12434,-0.940681
2.1347,9.34068
17.0958,8.7731
29.2052,7.22533

0.0122965,0.0190335
0.0530596,0.411564
-0.146038,0.726729
-0.951452,0.0634546
-1.01721,1.14013
-5.11609,-0.983518
2.10316,9.34802
17.0854,8.79359
29.2009,7.24323

0.0122988,0.0191256
-0.107859,0.401694
-0.258116,0.692446
-0.950918,-0.0391686
-1.07544,1.08388
-5.10748,-1.02629
2.07159,9.35525
17.075,8.81406
29.1965,7.26112

0.0123007,0.0192177
-0.250142,0.33249
-0.363115,0.640537
-0.939664,-0.141143
-1.13059,1.02461
-5.09851,-1.06898
2.04,9.36238
17.0646,8.83452
29.1922,7.279

0.0123021,0.0193098
-0.353976,0.21739
-0.458301,0.572386
-0.91783,-0.241335
-1.18249,0.962486
-5.08918,-1.1116
2.00838,9.3694
17.0541,8.85497
29.1878,7.29689

0.0123032,0.0194018
-0.407081,0.0748557
-0.5412,0.489793
-0.885676,-0.338636
-1.23101,0.897688
-5.07949,-1.15413
1.97675,9.37631
17.0436,8.87541
29.1834,7.31477

0.0123039,0.0194939
-0.404791,-0.0750033
-0.609656,0.394927
-0.843584,-0.431973
-1.27601,0.830401
-5.06945,-1.19659
1.94509,9.38311
17.0331,8.89584
29.179,7.33265

0.0123041,0.0195859
-0.349176,-0.212781
-0.661893,0.29027
-0.792046,-0.520328
-1.31735,0.760814
-5.05905,-1.23896
1.9134,9.38981
17.0226,8.91625
29.1746,7.35053

0.012304,0.0196778
-0.248009,-0.321277
-0.696547,0.178553
-0.731662,-0.602745
-1.35493,0.689126
-5.0483,-1.28124
1.8817,9.3964
17.0121,8.93665
29.1701,7.3684

0.0123034,0.0197697
-0.113865,-0.386578
-0.712711,0.0626912
-0.663126,-0.678341
-1.38863,0.61554
-5.03719,-1.32344
1.84997,9.40289
17.0015,8.95704
29.1657,7.38627

0.0123024,0.0198615
0.0366579,-0.399127
-0.709951,-0.0542908
-0.587222,-0.746321
-1.41836,0.540265
-5.02573,-1.36553
1.81823,9.40926
16.9909,8.97741
29.1612,7.40414

0.0123011,0.0199531
0.183886,-0.355
-0.68832,-0.169335
-0.504807,-0.80598
-1.44403,0.463515
-5.01391,-1.40753
1.78646,9.41553
16.9802,8.99778
29.1568,7.42201

0.0122993,0.0200447
0.306641,-0.257394
-0.648361,-0.279428
-0.416805,-0.856713
-1.46558,0.385508
-5.00174,-1.44943
1.75467,9.42169
16.9696,9.01812
29.1523,7.43987

0.0122972,0.0201362
0.384918,-0.117865
-0.591092,-0.381675
-0.324189,-0.898019
-1.48294,0.306465
-4.98922,-1.49123
1.72286,9.42775
16.9589,9.03846
29.1478,7.45773

0.0122947,0.0202275
0.403803,0.0436599
-0.517986,-0.473374
-0.227975,-0.929506
-1.49606,0.226609
-4.97635,-1.53292
1.69104,9.4337
16.9482,9.05879
29.1434,7.47559

0.0122918,0.0203187
0.357795,0.201301
-0.430933,-0.552092
-0.129206,-0.950892
-1.50491,0.146169
-4.96313,-1.5745
1.65919,9.43953
16.9375,9.0791
29.1389,7.49345

0.0122886,0.0204098
0.253557,0.32844
-0.332199,-0.615724
-0.0289403,-0.962004
-1.50946,0.0653718
-4.94956,-1.61597
1.62732,9.44526
16.9268,9.0994
29.1343,7.5113

0.012285,0.0205007
0.109042,0.404156
-0.224366,-0.662554
0.0717582,-0.962783
-1.5097,-0.0155531
-4.93564,-1.65733
1.59544,9.45089
16.916,9.11968
29.1298,7.52915

0.0122811,0.0205914
-0.0510942,0.417936
-0.110269,-0.691301
0.171834,-0.953275
-1.50562,-0.0963762
-4.92138,-1.69856
1.56354,9.4564
16.9052,9.13995
29.1253,7.54699

0.0122769,0.0206821
-0.201502,0.370719
0.00707902,-0.701163
0.270249,-0.933634
-1.49724,-0.176868
-4.90677,-1.73968
1.53162,9.46181
16.8944,9.16021
29.1207,7.56484

0.0122723,0.0207725
-0.320927,0.272772
0.124565,-0.691835
0.365994,-0.904115
-1.48459,-0.2568
-4.89181,-1.78068
1.49968,9.46711
16.8835,9.18046
29.1162,7.58268

0.0122675,0.0208629
-0.394653,0.140261
0.23906,-0.663526
0.458095,-0.86507
-1.46769,-0.335946
-4.87651,-1.82154
1.46773,9.4723
16.8727,9.20069
29.1116,7.60052

0.0122623,0.020953
-0.415023,-0.00790505
0.347504,-0.616956
0.545625,-0.816944
-1.4466,-0.414081
-4.86087,-1.86228
1.43575,9.47738
16.8618,9.22092
29.107,7.61835

0.0122568,0.021043
-0.380994,-0.152397
0.446989,-0.553342
0.627712,-0.760267
-1.42138,-0.490983
-4.84489,-1.90289
1.40377,9.48236
16.8509,9.24112
29.1025,7.63619

0.0122511,0.0211328
-0.297434,-0.275045
0.534844,-0.474361
0.703543,-0.695648
-1.39209,-0.566433
-4.82856,-1.94336
1.37176,9.48722
16.8399,9.26132
29.0979,7.65402

0.0122451,0.0212225
-0.174518,-0.360052
0.608707,-0.382114
0.772373,-0.62377
-1.35882,-0.640219
-4.8119,-1.98369
1.33975,9.49198
16.829,9.2815
29.0932,7.67184

0.0122388,0.021312
-0.0271982,-0.395238
0.666592,-0.279062
0.83353,-0.545383
-1.32167,-0.71213
-4.7949,-2.02388
1.30771,9.49663
16.818,9.30167
29.0886,7.68967

0.0122322,0.0214014
0.125506,-0.373558
0.706945,-0.167964
0.886421,-0.461291
-1.28073,-0.781961
-4.77756,-2.06393
1.27566,9.50117
16.807,9.32182
29.084,7.70749

0.0122255,0.0214906
0.26188,-0.294939
0.72869,-0.0517931
0.930532,-0.372351
-1.23613,-0.849515
-4.75988,-2.10384
1.2436,9.5056
16.7959,9.34197
29.0794,7.72531

0.0122185,0.0215797
0.360126,-0.167995
0.731256,0.0663389
0.965437,-0.279464
-1.188,-0.9146
-4.74187,-2.14359
1.21152,9.50993
16.7849,9.3621
29.0747,7.74313

0.0122112,0.0216686
0.402434,-0.0105708
0.714592,0.183274
0.9908,-0.183562
-1.13646,-0.977031
-4.72353,-2.18319
1.17943,9.51414
16.7738,9.38221
29.07,7.76094

0.0122037,0.0217575
0.379738,0.152224
0.679166,0.295892
1.00637,-0.0856079
-1.08166,-1.03663
-4.70485,-2.22264
1.14733,9.51825
16.7627,9.40231
29.0654,7.77875

0.012196,0.0218462
0.295084,0.293026
0.625954,0.401199
1.012,0.0134203
-1.02376,-1.09323
-4.68585,-2.26193
1.11521,9.52225
16.7516,9.4224
29.0607,7.79656

0.0121881,0.0219349
0.163422,0.388764
0.556402,0.496407
1.00763,0.112533
-0.962921,-1.14666
-4.66651,-2.30106
1.08308,9.52614
16.7404,9.44248
29.056,7.81436

0.0121799,0.0220234
0.00754929,0.425779
0.47239,0.579008
0.993285,0.210738
-0.899319,-1.19678
-4.64685,-2.34002
1.05094,9.52992
16.7292,9.46254
29.0513,7.83216

0.0121715,0.0221119
-0.14762,0.401462
0.376176,0.646842
0.969105,0.307051
-0.833133,-1.24345
-4.62685,-2.37882
1.01878,9.5336
16.718,9.48259
29.0466,7.84996

0.0121628,0.0222004
-0.279879,0.322756
0.270333,0.698148
0.935311,0.400502
-0.764548,-1.28652
-4.60654,-2.41746
0.986616,9.53716
16.7068,9.50263
29.0419,7.86776

0.0121538,0.0222887
-0.372459,0.203213
0.157674,0.731611
0.892219,0.490142
-0.693761,-1.32588
-4.5859,-2.45592
0.954439,9.54061
16.6956,9.52265
29.0371,7.88555

0.0121446,0.022377
-0.414951,0.0601086
0.0411821,0.74639
0.840239,0.575057
-0.620971,-1.36142
-4.56493,-2.49421
0.922252,9.54396
16.6843,9.54266
29.0324,7.90334

0.0121351,0.0224652
-0.403257,-0.0877834
-0.0760732,0.742138
0.779867,0.654372
-0.546385,-1.39302
-4.54365,-2.53232
0.890053,9.5472
16.673,9.56266
29.0276,7.92113

0.0121253,0.0225534
-0.339236,-0.221787
-0.191015,0.719006
0.711686,0.727259
-0.470214,-1.42062
-4.52204,-2.57025
0.857845,9.55033
16.6617,9.58264
29.0228,7.93891

0.0121152,0.0226414
-0.23039,-0.324619
-0.300636,0.677633
0.63636,0.792948
-0.392675,-1.44411
-4.50012,-2.608
0.825627,9.55335
16.6503,9.60261
29.0181,7.9567

0.0121047,0.0227294
-0.0896289,-0.38175
-0.402079,0.619131
0.554628,0.850734
-0.313988,-1.46344
-4.47788,-2.64556
0.7934,9.55626
16.639,9.62256
29.0133,7.97447

0.012094,0.0228173
0.0651535,-0.383131
-0.492703,0.545051
0.467304,0.899984
-0.234375,-1.47856
-4.45533,-2.68294
0.761164,9.55906
16.6276,9.64251
29.0085,7.99225

0.012083,0.0229051
0.212203,-0.325353
-0.570153,0.457341
0.375263,0.940145
-0.154063,-1.48941
-4.43246,-2.72013
0.728919,9.56175
16.6162,9.66243
29.0037,8.01002

0.0120716,0.0229927
0.32837,-0.213831
-0.632417,0.358299
0.279439,0.970753
-0.073279,-1.49596
-4.40928,-2.75712
0.696666,9.56434
16.6047,9.68235
28.9988,8.02779

0.0120599,0.0230803
0.393266,-0.0639221
-0.677872,0.250512
0.180815,0.991436
0.00774645,-1.4982
-4.38579,-2.79392
0.664405,9.56681
16.5933,9.70225
28.994,8.04556

0.0120479,0.0231677
0.394394,0.100541
-0.705332,0.136793
0.0804135,1.00192
0.0887838,-1.49613
-4.36199,-2.83052
0.632137,9.56918
16.5818,9.72214
28.9892,8.06332

0.0120356,0.0232551
0.331114,0.251969
-0.714069,0.0201077
-0.0207117,1.00205
0.169603,-1.48973
-4.33788,-2.86692
0.599862,9.57143
16.5703,9.74201
28.9843,8.08108

0.0120229,0.0233423
0.215098,0.365597
-0.70384,-0.0964954
-0.121488,0.99175
0.249973,-1.47904
-4.31347,-2.90312
0.56758,9.57358
16.5588,9.76187
28.9794,8.09884

0.01201,0.0234293
0.0668625,0.424924
-0.674891,-0.209965
-0.220836,0.971086
0.329668,-1.46408
-4.28875,-2.93912
0.535291,9.57562
16.5472,9.78172
28.9746,8.1166

0.0119966,0.0235163
-0.0896168,0.423913
-0.627951,-0.317322
-0.317679,0.940225
0.408459,-1.44489
-4.26374,-2.9749
0.502997,9.57755
16.5356,9.80155
28.9697,8.13435

0.011983,0.0236031
-0.231681,0.366101
-0.564222,-0.415737
-0.410955,0.899448
0.486123,-1.42153
-4.23842,-3.01048
0.470697,9.57937
16.524,9.82137
28.9648,8.1521

0.011969,0.0236897
-0.340935,0.262168
-0.485348,-0.502604
-0.499636,0.849151
0.562439,-1.39406
-4.2128,-3.04584
0.438391,9.58108
16.5124,9.84117
28.9599,8.16985

0.0119547,0.0237761
-0.404516,0.127372
-0.393375,-0.575608
-0.58273,0.789842
0.63719,-1.36256
-4.18689,-3.08098
0.406081,9.58268
16.5008,9.86096
28.955,8.18759

0.01194,0.0238624
-0.415409,-0.0205313
-0.290702,-0.632791
-0.659305,0.722134
0.710163,-1.32712
-4.16068,-3.11591
0.373766,9.58417
16.4891,9.88074
28.95,8.20533

0.011925,0.0239484
-0.37242,-0.162837
-0.180024,-0.672602
-0.728493,0.646741
0.781151,-1.28784
-4.13418,-3.15062
0.341448,9.58556
16.4774,9.9005
28.9451,8.22307

0.0119097,0.0240343
-0.280178,-0.281207
-0.0642563,-0.693945
-0.789507,0.564472
0.84995,-1.24483
-4.10739,-3.1851
0.309125,9.58683
16.4657,9.92025
28.9401,8.2408

0.011894,0.0241199
-0.149202,-0.359097
0.0535343,-0.696212
-0.841646,0.476218
0.916366,-1.19821
-4.08031,-3.21936
0.276799,9.58799
16.454,9.93999
28.9352,8.25853

0.0118781,0.0242053
0.00420009,-0.383643
0.170216,-0.679304
-0.884314,0.382946
0.980209,-1.14811
-4.05294,-3.25339
0.24447,9.58905
16.4422,9.95971
28.9302,8.27626

0.0118619,0.0242904
0.158733,-0.348102
0.282675,-0.643634
-0.917019,0.285687
1.0413,-1.09468
-4.02529,-3.28719
0.212138,9.59
16.4304,9.97941
28.9252,8.29398

0.0118454,0.0243754
0.29037,-0.25451
0.3879,-0.590124
-0.939387,0.185518
1.09946,-1.03807
-3.99735,-3.32076
0.179804,9.59083
16.4186,9.99911
28.9202,8.31171

0.0118286,0.0244601
0.37652,-0.115373
0.483068,-0.52018
-0.951163,0.0835537
1.15452,-0.978428
-3.96913,-3.3541
0.147468,9.59156
16.4068,10.0188
28.9152,8.32942

0.0118116,0.0245445
0.401463,0.0472318
0.565621,-0.435658
-0.952216,-0.0190685
1.20633,-0.915937
-3.94063,-3.38719
0.11513,9.59218
16.3949,10.0384
28.9102,8.34714

0.0117943,0.0246288
0.360876,0.206021
0.63334,-0.338809
-0.942542,-0.121206
1.25475,-0.85077
-3.91185,-3.42005
0.0827916,9.59269
16.3831,10.0581
28.9052,8.36485

0.0117768,0.0247128
0.262953,0.335016
0.684407,-0.232223
-0.922262,-0.221722
1.29962,-0.783111
-3.8828,-3.45266
0.050452,9.59309
16.3711,10.0777
28.9002,8.38256

0.011759,0.0247966
0.125552,0.415242
0.717455,-0.118755
-0.891621,-0.319506
1.34083,-0.713153
-3.85347,-3.48503
0.0181119,9.59338
16.3592,10.0974
28.8951,8.40027

0.011741,0.0248801
-0.0287652,0.437423
0.731608,-0.00144287
-0.850982,-0.413479
1.37826,-0.641095
-3.82388,-3.51716
-0.0142282,9.59356
16.3473,10.117
28.8901,8.41797

0.0117228,0.0249635
-0.177396,0.401685
0.726502,0.116573
-0.800823,-0.502615
1.41179,-0.567141
-3.79401,-3.54903
-0.046568,9.59363
16.3353,10.1366
28.885,8.43567

0.0117043,0.0250466
-0.300778,0.315649
0.702295,0.232141
-0.741729,-0.585949
1.44134,-0.491502
-3.76387,-3.58065
-0.0789072,9.59359
16.3233,10.1561
28.8799,8.45337

0.0116856,0.0251296
-0.383945,0.192215
0.65966,0.342183
-0.674381,-0.66259
1.46682,-0.414392
-3.73347,-3.61202
-0.111245,9.59345
16.3113,10.1757
28.8748,8.47106

0.0116666,0.0252123
-0.417166,0.0476868
0.599765,0.443778
-0.599549,-0.731729
1.48816,-0.336031
-3.70281,-3.64314
-0.143582,9.59319
16.2993,10.1953
28.8697,8.48876

0.0116474,0.0252948
-0.396233,-0.0996798
0.524234,0.534246
-0.51808,-0.792649
1.50529,-0.256641
-3.67189,-3.67399
-0.175917,9.59283
16.2872,10.2148
28.8646,8.50644

0.011628,0.0253771
-0.322761,-0.230949
0.435102,0.611209
-0.430888,-0.844731
1.51817,-0.176449
-3.6407,-3.70459
-0.20825,9.59235
16.2751,10.2343
28.8595,8.52413

0.0116083,0.0254592
-0.204582,-0.327947
0.334759,0.672663
-0.338938,-0.887458
1.52676,-0.0956821
-3.60926,-3.73493
-0.24058,9.59177
16.263,10.2538
28.8544,8.54181

0.0115884,0.0255411
-0.0559994,-0.375245
0.225879,0.717019
-0.243241,-0.920425
1.53103,-0.0145703
-3.57757,-3.76499
-0.272908,9.59107
16.2509,10.2733
28.8492,8.55949

0.0115683,0.0256228
0.102649,-0.362852
0.11135,0.743149
-0.144833,-0.943331
1.53098,0.0666556
-3.54562,-3.7948
-0.305232,9.59027
16.2387,10.2928
28.8441,8.57716

0.0115479,0.0257042
0.24696,-0.289308
-0.00580333,0.750405
-0.0447723,-0.955989
1.5266,0.147765
-3.51343,-3.82433
-0.337553,9.58936
16.2265,10.3123
28.8389,8.59484

0.0115273,0.0257854
0.352562,-0.163967
-0.122501,0.738636
0.0558807,-0.958322
1.5179,0.228526
-3.48098,-3.8536
-0.36987,9.58834
16.2143,10.3317
28.8337,8.61251

0.0115064,0.0258664
0.400793,-0.00670482
-0.235688,0.708188
0.156069,-0.950361
1.50492,0.30871
-3.44829,-3.88259
-0.402182,9.58721
16.2021,10.3511
28.8285,8.63017

0.0114854,0.0259472
0.383722,0.156021
-0.342406,0.659888
0.254754,-0.932244
1.48768,0.388088
-3.41536,-3.9113
-0.43449,9.58597
16.1899,10.3706
28.8233,8.64784

0.0114641,0.0260278
0.305934,0.29753
-0.439878,0.595022
0.35092,-0.904209
1.46624,0.466435
-3.38218,-3.93974
-0.466792,9.58463
16.1776,10.39
28.8181,8.6655

0.0114425,0.0261081
0.182317,0.396785
-0.525568,0.515303
0.44359,-0.866594
1.44065,0.543527
-3.34877,-3.9679
-0.499089,9.58317
16.1653,10.4094
28.8129,8.68315

0.0114207,0.0261883
0.0335725,0.441529
-0.59725,0.422823
0.53183,-0.819829
1.411,0.619146
-3.31512,-3.99578
-0.531381,9.5816
16.153,10.4287
28.8077,8.70081

0.0113987,0.0262682
-0.118251,0.42855
-0.653057,0.319998
0.614759,-0.764431
1.37736,0.693077
-3.28124,-4.02338
-0.563666,9.57993
16.1407,10.4481
28.8025,8.71846

0.0113764,0.0263478
-0.252904,0.362292
-0.691535,0.209512
0.691555,-0.700996
1.33983,0.765108
-3.24712,-4.05069
-0.595944,9.57814
16.1283,10.4674
28.7972,8.7361

0.0113539,0.0264272
-0.353716,0.253015
-0.711674,0.0942461
0.761463,-0.630197
1.29852,0.835036
-3.21278,-4.07772
-0.628216,9.57625
16.1159,10.4868
28.792,8.75375

0.0113311,0.0265064
-0.408505,0.115173
-0.712933,-0.0227904
0.8238,-0.55277
1.25354,0.902662
-3.17821,-4.10445
-0.66048,9.57425
16.1035,10.5061
28.7867,8.77139

0.011308,0.0265853
-0.410157,-0.0338916
-0.69526,-0.138539
0.877959,-0.469513
1.20503,0.967793
-3.14341,-4.1309
-0.692737,9.57214
16.0911,10.5254
28.7814,8.78902

0.0112848,0.0266639
-0.357207,-0.175122
-0.659093,-0.249965
0.923415,-0.381274
1.15311,1.03025
-3.10839,-4.15705
-0.724986,9.56992
16.0786,10.5447
28.7761,8.80666

0.0112613,0.0267423
-0.254566,-0.28914
-0.60535,-0.354139
0.959727,-0.288946
1.09795,1.08984
-3.07316,-4.18291
-0.757226,9.56759
16.0662,10.564
28.7708,8.82429

0.0112375,0.0268203
-0.114148,-0.35827
-0.53541,-0.448309
0.986544,-0.193458
1.03969,1.14641
-3.0377,-4.20848
-0.789458,9.56515
16.0537,10.5832
28.7655,8.84192

0.0112136,0.0268981
0.045146,-0.369426
-0.451083,-0.529973
1.0036,-0.0957666
0.978511,1.19979
-3.00204,-4.23374
-0.82168,9.56261
16.0411,10.6025
28.7602,8.85954

0.0111895,0.0269755
0.199048,-0.31761
-0.354561,-0.596949
1.01074,0.00315172
0.914575,1.24984
-2.96616,-4.25871
-0.853893,9.55995
16.0286,10.6217
28.7549,8.87716

0.0111651,0.0270527
0.321874,-0.208793
-0.248372,-0.647433
1.00787,0.102308
0.848068,1.2964
-2.93007,-4.28337
-0.886096,9.55719
16.016,10.6409
28.7495,8.89478

0.0111406,0.0271295
0.392353,-0.0602429
-0.135307,-0.680047
0.995022,0.200711
0.77918,1.33935
-2.89377,-4.30773
-0.918289,9.55432
16.0035,10.6601
28.7442,8.91239

0.0111159,0.0272061
0.399107,0.102913
-0.0183538,-0.693886
0.972308,0.297373
0.708107,1.37857
-2.85727,-4.33178
-0.950471,9.55134
15.9908,10.6793
28.7388,8.93001

0.0110911,0.0272823
0.343052,0.253814
0.099383,-0.688542
0.939936,0.39132
0.635051,1.41395
-2.82056,-4.35553
-0.982642,9.54825
15.9782,10.6984
28.7334,8.94761

0.0110661,0.0273583
0.235856,0.369815
0.214766,-0.664119
0.898209,0.481601
0.56022,1.44538
-2.78366,-4.37897
-1.0148,9.54505
15.9656,10.7176
28.728,8.96522

0.011041,0.0274339
0.0959595,0.435997
0.324711,-0.621237
0.847522,0.567294
0.483827,1.47278
-2.74656,-4.4021
-1.04695,9.54174
15.9529,10.7367
28.7226,8.98282

0.0110157,0.0275093
-0.0556237,0.445955
0.426271,-0.561014
0.788358,0.647515
0.40609,1.49606
-2.70927,-4.42492
-1.07909,9.53832
15.9402,10.7559
28.7172,9.00042

0.0109903,0.0275844
-0.198447,0.400907
0.516717,-0.485042
0.721286,0.721429
0.32723,1.51518
-2.67178,-4.44742
-1.11121,9.5348
15.9275,10.775
28.7118,9.01801

0.0109647,0.0276593
-0.314568,0.308261
0.59362,-0.395342
0.646958,0.788256
0.24747,1.53006
-2.63411,-4.46961
-1.14332,9.53117
15.9147,10.7941
28.7064,9.03561

0.0109391,0.0277338
-0.389682,0.180269
0.654913,-0.294309
0.566105,0.847278
0.167038,1.54067
-2.59625,-4.49148
-1.17542,9.52743
15.9019,10.8131
28.701,9.05319

0.0109133,0.0278082
-0.413941,0.0329123
0.698953,-0.184649
0.479527,0.897851
0.0861623,1.54698
-2.55821,-4.51304
-1.2075,9.52358
15.8892,10.8322
28.6955,9.07078

