0.628319    3.06286
0.895566    2.21074
1.06419    1.15822
1.1274    0.10818
1.08682    -0.911335
0.950623    -1.75959
0.748958    -2.20158
0.521012    -2.32004
0.293464    -2.1865
0.0972558    -1.66249
-0.0212924    -0.623151
-0.0287289    0.282625
-0.0320537    -0.551652
-0.141382    -1.54148
-0.323348    -2.01747
-0.531544    -2.09984
-0.735234    -1.94378
-0.912888    -1.56254
-1.03682    -0.860575
-1.07712    0.0758158
-1.01915    1.08672
-0.859708    2.09265
-0.606724    2.90452
-0.299216    3.12332
-0.00421937    2.70151
0.227121    1.88402
0.369614    0.996309
0.446482    0.676732
0.522246    0.855297
0.613353    0.925028
0.698791    0.746854
0.756651    0.389156
0.773913    -0.0488226
0.747495    -0.468457
0.684111    -0.772641
0.599814    -0.876036
0.515867    -0.783209
0.438764    -0.836112
0.327037    -1.48369
0.134189    -2.3499
-0.134617    -2.96272
-0.440542    -3.05023
-0.721868    -2.48236
-0.925023    -1.55557
-1.03087    -0.561746
-1.03903    0.383481
-0.959956    1.15506
-0.817609    1.64504
-0.638245    1.91371
-0.441074    1.99605
-0.249267    1.77993
-0.101228    1.09356
-0.0456256    -0.0137021
-0.0673608    -0.0182638
-0.0073835    1.19294
0.158059    2.02027
0.380724    2.37074
0.621576    2.40996
0.853338    2.16374
1.03853    1.45923
1.13529    0.45743
1.12855    -0.592279
1.01613    -1.65847
0.797615    -2.69058
0.492409    -3.28324
0.168721    -3.08522
-0.107397    -2.3831
-0.295468    -1.33521
-0.377035    -0.392993
-0.410617    -0.445893
-0.476554    -0.839491
-0.568423    -0.942677
-0.655413    -0.759414
-0.714496    -0.403849
-0.734182    0.0110942
-0.71375    0.382106
-0.662497    0.613056
-0.598034    0.644149
-0.536501    0.608062
-0.461183    1.01052
-0.31683    1.90035
-0.0823903    2.74227
0.218576    3.19284
0.532864    2.96698
0.791708    2.15223
0.957124    1.14797
1.02158    0.149444
0.991272    -0.721267
0.8866    -1.31994
0.735539    -1.6715
0.556912    -1.8804
0.365599    -1.90741
0.187279    -1.58868
0.0656879    -0.747164
0.0503108    0.411379
0.0876165    -0.0733392
0.0124718    -1.34703
-0.164678    -2.10057
-0.392106    -2.39197
-0.633815    -2.4125
-0.866059    -2.1689
-1.05041    -1.43068
-1.14218    -0.389523
-1.12727    0.686317
-1.00415    1.77945
-0.771523    2.85671
-0.447812    3.4698
-0.109009    3.19413
0.17391    2.41419
0.361482    1.29095
0.43328    0.232689
0.446404    0.22117
0.489868    0.616166
0.559477    0.720435
0.62435    0.539777
0.661847    0.193163
0.661407    -0.200113
0.62409    -0.525578
0.562541    -0.665397
0.500871    -0.515758
0.466705    -0.174135
0.443396    -0.498619
0.338072    -1.63169
0.120138    -2.6674
-0.183279    -3.33778
-0.526022    -3.36719
-0.82673    -2.54842
-1.02725    -1.45842
-1.1186    -0.37115
-1.10217    0.696477
-0.983336    1.63466
-0.790029    2.14655
-0.566008    2.29821
-0.33697    2.25016
-0.126907    1.88633
0.0227395    1.01127
0.059868    -0.292756
0.0126388    -0.189686
0.0579627    1.03483
0.203017    1.76721
0.395022    2.00911
0.594699    1.95313
0.780258    1.73598
0.935404    1.31906
1.03264    0.569242
1.04149    -0.411233
0.948079    -1.4579
0.750561    -2.47568
0.462498    -3.19541
0.137048    -3.18304
-0.152789    -2.55113
-0.361699    -1.59745
-0.474221    -0.715139
-0.52851    -0.494631
-0.584694    -0.624489
-0.647584    -0.593959
-0.696174    -0.348418
-0.712868    0.0274001
-0.689781    0.430007
-0.629576    0.751633
-0.546109    0.875928
-0.464722    0.697344
-0.414719    0.302603
-0.383021    0.536599
-0.277086    1.61264
-0.0633762    2.60019
0.230484    3.21358
0.55953    3.23495
0.84962    2.46581
1.04342    1.40368
1.1304    0.338793
1.11176    -0.709617
0.991401    -1.66215
0.792604    -2.22739
0.559721    -2.38387
0.324102    -2.29083
0.113425    -1.85591
-0.0297211    -0.917247
-0.0606413    0.245271
-0.0393675    -0.173954
-0.114637    -1.2556
-0.274076    -1.84463
-0.468819    -1.99525
-0.664119    -1.8812
-0.839189    -1.59002
-0.974048    -1.05584
-1.04057    -0.235565
-1.01614    0.735083
-0.892317    1.73767
-0.671571    2.64148
-0.378595    3.10981
-0.0732622    2.89963
0.18458    2.20743
0.360945    1.31677
0.458636    0.740722
0.529954    0.746229
0.609662    0.820479
0.686835    0.686529
0.740625    0.365629
0.756689    -0.0520809
0.730249    -0.468248
0.666465    -0.782428
0.5806    -0.895057
0.496167    -0.756601
0.430316    -0.611223
0.350582    -1.11688
0.191494    -2.05933
-0.0555704    -2.82469
-0.358519    -3.14576
-0.66116    -2.78485
-0.897587    -1.8986
-1.03667    -0.879512
-1.0739    0.129346
-1.01385    1.04421
-0.874274    1.68671
-0.68738    2.00788
-0.479846    2.11154
-0.273972    1.9548
-0.103522    1.37367
-0.0161489    0.304108
-0.0274349    -0.215844
0.000644818    0.854045
0.136714    1.77155
0.338475    2.19226
0.563259    2.26348
0.783069    2.09233
0.970239    1.57773
1.08586    0.692418
1.10444    -0.326671
1.01958    -1.37125
0.8306    -2.3948
0.550262    -3.11678
0.232644    -3.11359
-0.0527279    -2.53351
-0.261261    -1.59519
-0.370884    -0.652742
-0.420223    -0.500092
-0.486545    -0.818563
-0.576479    -0.929589
-0.663127    -0.765194
-0.723446    -0.420976
-0.74489    -0.0046261
-0.725334    0.382965
-0.672471    0.647031
-0.602485    0.720215
-0.532672    0.681057
-0.455546    0.958984
-0.322273    1.74986
-0.103912    2.57953
0.182499    3.07416
0.490092    2.96086
0.753716    2.24229
0.930518    1.28018
1.00923    0.299653
0.993808    -0.580476
0.901171    -1.22345
0.757631    -1.61347
0.583706    -1.84271
0.3951    -1.89318
0.216154    -1.62021
0.0879194    -0.853978
0.0582352    0.252567
0.0875155    -0.0691026
0.0154217    -1.30994
-0.159013    -2.08542
-0.386309    -2.40368
-0.630049    -2.43776
-0.864193    -2.17526
-1.04772    -1.41351
-1.13799    -0.37956
-1.12278    0.682763
-1.00069    1.76221
-0.770955    2.81088
-0.454499    3.37275
-0.125683    3.10154
0.149351    2.34799
0.331633    1.25247
0.402084    0.254033
0.420932    0.301885
0.473174    0.707841
0.552174    0.816594
0.626885    0.640472
0.674664    0.297964
0.684818    -0.0937289
0.657941    -0.424981
0.605455    -0.589326
0.548353    -0.512846
0.506372    -0.356644
0.45565    -0.810573
0.323825    -1.83919
0.0908759    -2.76773
-0.216733    -3.30553
-0.545744    -3.12781
-0.818541    -2.26365
-0.99232    -1.20652
-1.05989    -0.148177
-1.02452    0.831834
-0.902779    1.53677
-0.729334    1.88595
-0.531757    2.04356
-0.326758    2.01923
-0.139777    1.65005
-0.0147207    0.754129
-0.00162256    -0.46627
-0.0465446    -0.0146857
0.018398    1.22919
0.181842    1.9442
0.391621    2.19369
0.611398    2.1744
0.820427    1.96911
0.993216    1.4062
1.0884    0.458495
1.0812    -0.605568
0.9664    -1.69053
0.74378    -2.74435
0.430515    -3.39456
0.0951097    -3.18934
-0.188625    -2.43343
-0.380222    -1.36194
-0.463368    -0.382211
-0.488721    -0.284139
-0.531893    -0.55891
-0.592218    -0.599652
-0.643396    -0.391082
-0.665592    -0.0387734
-0.650121    0.343902
-0.599605    0.643105
-0.528376    0.738231
-0.462505    0.52399
-0.430692    0.127639
-0.410312    0.502317
-0.302593    1.6605
-0.0831373    2.66574
0.218136    3.29854
0.555893    3.31053
0.850668    2.48677
1.04513    1.40054
1.1312    0.323887
1.11035    -0.7405
0.985797    -1.71473
0.781671    -2.274
0.545416    -2.40607
0.308196    -2.30342
0.0961841    -1.87116
-0.0486386    -0.933348
-0.0787482    0.307239
-0.0434926    -3.04857e-05
-0.103071    -1.11909
-0.250759    -1.74308
-0.436476    -1.91337
-0.62417    -1.81129
-0.793612    -1.55563
-0.929286    -1.1159
-1.00703    -0.390002
-1.00011    0.548004
-0.895048    1.55306
-0.691057    2.50199
-0.405965    3.10596
-0.0937201    3.02576
0.180084    2.39317
0.375529    1.49889
0.485327    0.772092
0.550499    0.616941
0.615206    0.665039
0.677839    0.553657
0.719757    0.260677
0.726575    -0.13279
0.693114    -0.528374
0.624341    -0.821373
0.536079    -0.900346
0.454422    -0.684052
0.403484    -0.371939
0.353301    -0.813536
0.219618    -1.85837
-0.0127392    -2.72891
-0.312687    -3.19715
-0.629831    -3.00837
-0.891099    -2.14969
-1.05389    -1.10287
-1.11184    -0.0581024
-1.06652    0.955418
-0.926623    1.78659
-0.723553    2.20297
-0.496627    2.29865
-0.272415    2.14071
-0.0820186    1.5927
0.0290172    0.548409
0.0320808    -0.271714
0.0392865    0.585382
0.149434    1.52665
0.328162    1.9713
0.53096    2.04019
0.728444    1.88007
0.899734    1.50002
1.01778    0.806703
1.05326    -0.118843
0.991474    -1.11967
0.829466    -2.10902
0.576352    -2.88783
0.272388    -3.07234
-0.0166681    -2.63652
-0.241626    -1.8243
-0.379421    -0.965616
-0.454365    -0.660077
-0.527243    -0.812017
-0.612729    -0.858372
-0.690968    -0.671885
-0.741477    -0.319034
-0.752441    0.102909
-0.721856    0.496041
-0.657456    0.763994
-0.576057    0.827243
-0.498145    0.720495
-0.424432    0.84658
-0.307341    1.56312
-0.106988    2.41235
0.165572    2.97275
0.468968    2.98623
0.740658    2.36221
0.930966    1.42358
1.02382    0.434859
1.01987    -0.496475
0.930906    -1.23654
0.782399    -1.68764
0.600518    -1.92171
0.404571    -1.96128
0.219091    -1.68557
0.0837    -0.936492
0.0436185    0.123626
0.0613126    -0.142167
-0.0137806    -1.30767
-0.18589    -2.04516
-0.407901    -2.33893
-0.64383    -2.34376
-0.866829    -2.0497
-1.03808    -1.30206
-1.11881    -0.298279
-1.09646    0.745677
-0.969037    1.80353
-0.737876    2.78479
-0.42982    3.23842
-0.116121    2.94634
0.143643    2.19677
0.312274    1.1435
0.380075    0.343849
0.416516    0.508256
0.486529    0.85093
0.576556    0.898492
0.657433    0.685689
0.708712    0.325153
0.721162    -0.073942
0.696004    -0.411182
0.644049    -0.597546
0.582778    -0.604376
0.522262    -0.654626
0.433707    -1.21304
0.267647    -2.10677
0.0170023    -2.8534
-0.287726    -3.14449
-0.588034    -2.74884
-0.821375    -1.87838
-0.95969    -0.884295
-0.999449    0.0752243
-0.950315    0.865405
-0.835899    1.3765
-0.681787    1.6818
-0.503974    1.85139
-0.318738    1.80832
-0.15548    1.3809
-0.0603728    0.431159
-0.0708914    -0.468652
-0.083515    0.447956
0.0227925    1.58192
0.215788    2.19514
0.448324    2.41043
0.689648    2.38218
0.913378    2.0068
1.07355    1.13297
1.13423    0.0768743
1.08846    -0.992147
0.934957    -2.08045
0.675034    -3.07147
0.343676    -3.39054
0.0235199    -2.93691
-0.229249    -2.06842
-0.379698    -0.909424
-0.422069    -0.103132
-0.439023    -0.346233
-0.492985    -0.683583
-0.564981    -0.705768
-0.625729    -0.478347
-0.656317    -0.122234
-0.649745    0.246438
-0.610378    0.515288
-0.553784    0.574263
-0.504625    0.371136
-0.478079    0.246185
-0.42418    0.976131
-0.270149    2.07897
-0.0157825    2.95156
0.305433    3.38164
0.632906    3.0141
0.887755    2.04193
1.038    0.96308
1.08083    -0.1042
1.01948    -1.0986
0.871444    -1.78602
0.675938    -2.07494
0.463089    -2.15784
0.251684    -2.02622
0.0714135    -1.5012
-0.0301001    -0.434667
-0.0137337    0.579972
0.0111084    -0.317886
-0.0797499    -1.39852
-0.250799    -1.93786
-0.453552    -2.06932
-0.657025    -1.97653
-0.843321    -1.71326
-0.988693    -1.12364
-1.05639    -0.194459
-1.02372    0.852579
-0.88506    1.91734
-0.643012    2.88696
-0.325334    3.32828
-0.00501276    2.97914
0.254209    2.15815
0.418382    1.11129
0.486851    0.381175
0.522409    0.418211
0.573601    0.574287
0.629236    0.4985
0.666563    0.223461
0.670667    -0.148268
0.637305    -0.507897
0.573305    -0.741903
0.497176    -0.731999
0.437565    -0.413864
0.413395    -0.168284
0.367141    -0.920384
0.216908    -2.04724
-0.0333414    -2.89746
-0.348527    -3.32722
-0.673121    -3.00835
-0.928011    -2.04213
-1.0783    -0.966385
-1.12185    0.0943198
-1.06012    1.133
-0.901715    1.96936
-0.682879    2.32907
-0.446594    2.36246
-0.218904    2.14569
-0.0314488    1.526
0.0689588    0.402106
0.0567215    -0.387294
0.0578066    0.545045
0.162436    1.45276
0.33165    1.85599
0.521226    1.89255
0.703111    1.72125
0.860181    1.38838
0.972298    0.80212
1.01144    -0.0523073
0.957655    -1.03068
0.804848    -2.01588
0.55987    -2.82958
0.257454    -3.10068
-0.0375785    -2.71884
-0.272335    -1.93768
-0.421862    -1.07366
-0.502222    -0.641789
-0.566376    -0.670907
-0.634824    -0.667594
-0.693158    -0.468405
-0.723506    -0.121696
-0.715635    0.279971
-0.669007    0.636822
-0.593311    0.844138
-0.508585    0.804841
-0.440484    0.538012
-0.391562    0.57089
-0.297117    1.40009
-0.10726    2.35428
0.163484    2.99819
0.474754    3.11839
0.762005    2.51837
0.965822    1.53652
1.06773    0.502498
1.06712    -0.508647
0.969901    -1.39804
0.799147    -1.94724
0.591791    -2.15867
0.375028    -2.14074
0.174436    -1.81014
0.0290869    -1.01274
-0.0165703    0.0895578
0.00117023    -0.10196
-0.0661589    -1.19677
-0.224056    -1.87342
-0.426082    -2.11033
-0.636526    -2.06564
-0.831847    -1.79836
-0.985032    -1.20041
-1.06164    -0.300112
-1.04161    0.705697
-0.919787    1.72769
-0.698905    2.65408
-0.404577    3.11499
-0.100161    2.87947
0.155005    2.17311
0.325689    1.22582
0.409901    0.574453
0.466941    0.65037
0.543169    0.842688
0.627234    0.796486
0.695123    0.533522
0.729896    0.15085
0.724657    -0.25053
0.68244    -0.573155
0.615688    -0.729223
0.543265    -0.694917
0.475539    -0.711565
0.382138    -1.25306
0.213417    -2.11631
-0.0358008    -2.81376
-0.334025    -3.05685
-0.62444    -2.64474
-0.847715    -1.78264
-0.977149    -0.80243
-1.00919    0.149879
-0.952168    0.951995
-0.828138    1.47985
-0.663859    1.77668
-0.478308    1.90647
-0.290905    1.79186
-0.133934    1.26956
-0.0535692    0.266911
-0.0681318    -0.26916
-0.0466786    0.793662
0.0857528    1.7617
0.289588    2.24385
0.522659    2.37798
0.756636    2.25525
0.959794    1.7198
1.08679    0.782336
1.11309    -0.257618
1.03469    -1.31168
0.850597    -2.3626
0.57066    -3.14199
0.249    -3.15987
-0.0414108    -2.59049
-0.255915    -1.65071
-0.366425    -0.580826
-0.398208    -0.258572
-0.442358    -0.638239
-0.519469    -0.849902
-0.602215    -0.762502
-0.665155    -0.473089
-0.693899    -0.0966278
-0.685127    0.260451
-0.645798    0.499363
-0.591758    0.548744
-0.540153    0.491206
-0.481155    0.798818
-0.360492    1.65707
-0.148342    2.54746
0.138229    3.11235
0.452947    3.05643
0.726445    2.33674
0.911572    1.35178
0.99604    0.341598
0.982966    -0.576401
0.88939    -1.23973
0.744801    -1.61433
0.571805    -1.82543
0.385037    -1.87773
0.206435    -1.63306
0.0745907    -0.915247
0.038527    0.225549
0.0798689    0.175562
0.0330826    -1.07452
-0.120957    -1.91051
-0.333227    -2.27315
-0.565509    -2.34107
-0.793902    -2.17842
-0.986187    -1.57498
-1.09579    -0.587288
-1.10133    0.476063
-0.999999    1.55205
-0.790884    2.61987
-0.487135    3.3359
-0.153987    3.19794
0.133761    2.50561
0.334805    1.46895
0.424795    0.373395
0.440262    0.141644
0.473036    0.509165
0.534271    0.662406
0.595966    0.532903
0.634923    0.227363
0.639472    -0.136468
0.609478    -0.444992
0.556181    -0.584079
0.50169    -0.458541
0.470639    -0.173605
0.445772    -0.509351
0.342275    -1.58659
0.130782    -2.58894
-0.163987    -3.24378
-0.497154    -3.27684
-0.790714    -2.49731
-0.987638    -1.43428
-1.07732    -0.360876
-1.06063    0.688605
-0.944586    1.58115
-0.759135    2.04955
-0.545457    2.19165
-0.327117    2.14316
-0.127409    1.78852
0.0138615    0.946341
0.047525    -0.290544
0.0020312    -0.186626
0.0451779    0.996419
0.185875    1.72314
0.374149    1.9811
0.572313    1.95186
0.759109    1.76045
0.917106    1.34525
1.01578    0.571187
1.02401    -0.42238
0.929416    -1.46913
0.731015    -2.48163
0.4431    -3.18232
0.120656    -3.13718
-0.163752    -2.49175
-0.366532    -1.53307
-0.471543    -0.62369
-0.515053    -0.378368
-0.560202    -0.524132
-0.614425    -0.521503
-0.657273    -0.306266
-0.671348    0.0372355
-0.649027    0.404164
-0.593398    0.685063
-0.518825    0.764237
-0.450625    0.548965
-0.414499    0.200368
-0.38407    0.607326
-0.269015    1.69829
-0.0493929    2.63477
0.24552    3.19953
0.569722    3.14521
0.847879    2.33129
1.02838    1.2745
1.10287    0.217425
1.07242    -0.823077
0.942238    -1.73538
0.740016    -2.22343
0.510295    -2.33002
0.281995    -2.19761
0.0828187    -1.71844
-0.04485    -0.749614
-0.0614666    0.320446
-0.0421716    -0.230373
-0.120056    -1.24812
-0.275771    -1.78361
-0.463046    -1.9113
-0.649775    -1.79625
-0.816857    -1.51667
-0.94519    -0.998581
-1.0066    -0.189324
-0.977844    0.775389
-0.850368    1.76919
-0.627363    2.65265
-0.334977    3.0851
-0.0338976    2.84175
0.217301    2.13527
0.38647    1.24598
0.47669    0.656302
0.537706    0.624806
0.603918    0.67581
0.666366    0.53985
0.706148    0.234783
0.710583    -0.151272
0.67648    -0.519539
0.610729    -0.767357
0.530465    -0.795821
0.460005    -0.583857
0.409921    -0.509322
0.330388    -1.19499
0.161324    -2.15892
-0.0932559    -2.87405
-0.397768    -3.12134
-0.693095    -2.66512
-0.914843    -1.73538
-1.0372    -0.710404
-1.05746    0.300219
-0.980346    1.2113
-0.825555    1.81721
-0.628581    2.07788
-0.417436    2.11232
-0.215649    1.86943
-0.0584786    1.19381
0.00854119    0.106078
-0.00916435    -0.103412
0.0337612    0.97166
0.174756    1.75855
0.370166    2.08659
0.581502    2.10438
0.783634    1.89981
0.950822    1.37733
1.04743    0.514538
1.04931    -0.483854
0.949681    -1.50765
0.749329    -2.47578
0.466754    -3.07138
0.159599    -2.96445
-0.108271    -2.33777
-0.29719    -1.41111
-0.39413    -0.608109
-0.445679    -0.546259
-0.512795    -0.778943
-0.59417    -0.804758
-0.665803    -0.59638
-0.708632    -0.245484
-0.713539    0.145657
-0.681457    0.478597
-0.622858    0.663031
-0.555431    0.65816
-0.492025    0.645823
-0.409591    1.105
-0.256925    1.95738
-0.0213148    2.70638
0.270724    3.04915
0.566373    2.75097
0.803386    1.9404
0.949209    0.96908
0.997595    0.00753623
0.954998    -0.825143
0.841627    -1.39171
0.68488    -1.71194
0.504629    -1.86767
0.318714    -1.80664
0.156039    -1.37466
0.0603768    -0.458673
0.0629139    0.326956
0.0620878    -0.540912
-0.0487846    -1.58938
-0.239946    -2.15706
-0.467456    -2.34949
-0.701331    -2.28889
-0.913046    -1.86129
-1.058    -0.984669
-1.10507    0.0473813
-1.04788    1.09694
-0.885254    2.15276
-0.622812    3.0271
-0.304232    3.20109
-0.00493769    2.71948
0.225984    1.84956
0.356968    0.761747
0.396089    0.206429
0.429491    0.5191
0.497441    0.789578
0.577243    0.760992
0.642169    0.51097
0.675846    0.154428
0.673117    -0.200075
0.63931    -0.45135
0.589128    -0.51876
0.540767    -0.444322
0.490875    -0.656811
0.387604    -1.47074
0.192679    -2.39578
-0.0824005    -3.04213
-0.396555    -3.12133
-0.681928    -2.49216
-0.883813    -1.52552
-0.985408    -0.507563
-0.987494    0.445883
-0.903794    1.17411
-0.763437    1.5874
-0.592537    1.80905
-0.406564    1.8821
-0.225208    1.68972
-0.0837295    1.05586
-0.0304581    -0.0505776
-0.0690807    -0.336903
-0.043707    0.862904
0.0927979    1.77071
0.294323    2.19273
0.520439    2.29528
0.74621    2.18143
0.943904    1.68391
1.06799    0.753512
1.09076    -0.300005
1.00738    -1.36804
0.816929    -2.43477
0.528593    -3.23721
0.198052    -3.23042
-0.0967341    -2.60926
-0.31117    -1.63321
-0.418205    -0.523241
-0.440176    -0.116871
-0.467023    -0.442641
-0.523265    -0.631488
-0.583772    -0.538449
-0.624631    -0.257731
-0.632912    0.0943604
-0.607153    0.404701
-0.557179    0.560374
-0.503648    0.464482
-0.470987    0.189696
-0.448046    0.443219
-0.354319    1.47344
-0.153904    2.48385
0.131613    3.16642
0.460066    3.27075
0.757034    2.56041
0.961423    1.51611
1.05959    0.448544
1.05188    -0.597363
0.944625    -1.50123
0.765766    -1.99693
0.556496    -2.154
0.341225    -2.12111
0.142225    -1.80009
-0.0027807    -1.01288
-0.045351    0.196237
-0.00156371    0.257895
-0.0355006    -0.906298
-0.168919    -1.66818
-0.353471    -1.96002
-0.550834    -1.95543
-0.738935    -1.78289
-0.900179    -1.38832
-1.00409    -0.630934
-1.01871    0.355277
-0.931081    1.39719
-0.73994    2.41021
-0.458199    3.13638
-0.138124    3.13378
0.147554    2.5187
0.354101    1.57923
0.463159    0.647316
0.50603    0.346904
0.547591    0.492027
0.599724    0.512446
0.642807    0.319223
0.659051    -0.00777421
0.640253    -0.364165
0.588884    -0.640999
0.518584    -0.724384
0.453694    -0.524762
0.418776    -0.200133
0.388306    -0.600166
0.275177    -1.6699
0.0588216    -2.59987
-0.232652    -3.16603
-0.553858    -3.12137
-0.830535    -2.32492
-1.01093    -1.27757
-1.08597    -0.224838
-1.05652    0.809374
-0.92844    1.70502
-0.730166    2.17743
-0.505187    2.28279
-0.281385    2.15553
-0.0858736    1.6885
0.0398054    0.741296
0.0564869    -0.318146
0.0357967    0.20282
0.110646    1.21849
0.263855    1.76398
0.44984    1.90536
0.636695    1.80479
0.805312    1.53823
0.936135    1.02467
0.999941    0.210525
0.973048    -0.758781
0.847083    -1.75563
0.625198    -2.6445
0.33331    -3.08221
0.0325277    -2.83806
-0.218233    -2.13007
-0.386478    -1.22966
-0.473658    -0.610508
-0.52933    -0.570089
-0.590711    -0.635362
-0.65    -0.51698
-0.688327    -0.228307
-0.692882    0.142519
-0.660395    0.49602
-0.597733    0.729089
-0.521994    0.744053
-0.457045    0.528564
-0.411271    0.486094
-0.332022    1.20455
-0.162016    2.1657
0.0927633    2.87184
0.396589    3.1086
