0.785398, 0

0.761703, -0.377357

0.718194, -0.493225

0.659818, -0.694657

0.57602, -0.990819

0.461604, -1.28788

0.32318, -1.4439

0.183949, -1.27075

0.086808, -0.569562

0.0917268, 0.772695

0.208434, 0.952918

0.21652, -0.734146

0.0799024, -1.87776

-0.139726, -2.43431

-0.395018, -2.64267

-0.664304, -2.73255

-0.929326, -2.43066

-1.12208, -1.35388

-1.19751, -0.17007

-1.15776, 0.958308

-1.00519, 2.10003

-0.73471, 3.32891

-0.350351, 4.15743

0.0458248, 3.62474

0.361631, 2.67031

0.56909, 1.42257

0.636415, -0.109514

0.570412, -0.898934

0.502204, -0.427411

0.476836, -0.145394

0.461881, -0.199104

0.430101, -0.459697

0.367468, -0.793926

0.273702, -1.0565

0.164353, -1.07534

0.0730169, -0.66641

0.0512506, 0.352291

0.163789, 1.89459

0.321567, 0.723243

0.30065, -0.994981

0.144863, -2.00692

-0.0819836, -2.45618

-0.336271, -2.61243

-0.604319, -2.7666

-0.883174, -2.67487

-1.09924, -1.535

-1.18688, -0.245008

-1.15156, 0.93682

-1.00042, 2.0826

-0.732855, 3.29652

-0.338951, 4.51526

0.107872, 4.10379

0.464263, 3.04358

0.711984, 1.8776

0.83027, 0.432535

0.792208, -1.18899

0.634982, -1.5962

0.499834, -1.14508

0.39422, -1.02375

0.286498, -1.16098

0.158685, -1.39835

0.00968521, -1.55065

-0.141212, -1.4

-0.253924, -0.763746

-0.274292, 0.470504

-0.132386, 2.5509

0.152531, 2.10703

0.259304, 0.219814

0.221717, -0.863153

0.105182, -1.38112

-0.0395615, -1.45418

-0.177053, -1.27193

-0.292322, -1.04161

-0.38957, -0.937613

-0.489231, -1.11625

-0.624536, -1.61648

-0.776621, -1.05324

-0.798802, 0.588572

-0.666338, 1.9959

-0.408651, 3.11844

-0.0462886, 4.1426

0.39743, 4.38275

0.774646, 3.12575

1.02601, 1.93097

1.16273, 0.803204

1.1857, -0.356967

1.08787, -1.62668

0.86338, -2.75384

0.576804, -2.83689

0.303068, -2.6518

0.0476181, -2.43545

-0.172761, -1.89735

-0.312416, -0.787268

-0.308065, 0.996599

-0.146162, 1.55167

-0.0683476, 0.0848065

-0.107761, -0.761051

-0.202407, -1.05487

-0.306234, -0.975532

-0.391037, -0.703435

-0.445892, -0.400916

-0.474842, -0.206985

-0.495278, -0.251821

-0.536329, -0.619643

-0.612505, -0.709475

-0.627466, 0.539282

-0.500726, 1.93574

-0.249589, 3.03635

0.0977149, 3.87203

0.496428, 3.83507

0.826544, 2.71773

1.0389, 1.5439

1.1364, 0.40537

1.11921, -0.760141

0.984781, -1.89915

0.759676, -2.45481

0.512152, -2.46634

0.269313, -2.37866

0.0438458, -2.07859

-0.130397, -1.31346

-0.197838, 0.0804664

-0.114513, 1.28794

-0.0377145, 0.0852964

-0.0884349, -0.979766

-0.214011, -1.44396

-0.362933, -1.48172

-0.502679, -1.29224

-0.619344, -1.04264

-0.712777, -0.838327

-0.788355, -0.663659

-0.836145, -0.202883

-0.810887, 0.766871

-0.676899, 1.90521

-0.432491, 2.95137

-0.09973, 3.59141

0.252933, 3.30034

0.538871, 2.37381

0.720885, 1.25224

0.790997, 0.184422

0.773917, -0.418536

0.722034, -0.589602

0.65577, -0.751107

0.568769, -0.999699

0.455358, -1.26172

0.320475, -1.40337

0.184818, -1.24536

0.0879597, -0.596106

0.0859738, 0.655392

0.193352, 0.961503

0.209103, -0.625182

0.0840567, -1.76101

-0.124686, -2.33555

-0.371268, -2.56565

-0.633428, -2.66507

-0.892618, -2.39026

-1.08385, -1.35767

-1.16056, -0.189701

-1.12331, 0.92795

-0.974361, 2.05771

-0.709242, 3.25728

-0.336138, 4.00016

0.0441482, 3.47985

0.347143, 2.5557

0.544667, 1.34055

0.606491, -0.127897

0.543743, -0.828043

0.482019, -0.375391

0.460903, -0.108761

0.449614, -0.159909

0.42249, -0.403384

0.366963, -0.705607

0.284227, -0.922245

0.190939, -0.888107

0.120894, -0.428147

0.125267, 0.633777

0.25208, 1.63087

0.345954, 0.0672019

0.273251, -1.39645

0.0862288, -2.2487

-0.161659, -2.66191

-0.44079, -2.92461

-0.743119, -3.0445

-1.01192, -2.14986

-1.16242, -0.884321

-1.19297, 0.255876

-1.11258, 1.34828

-0.921998, 2.47838

-0.611683, 3.76125

-0.191684, 4.29883

0.198094, 3.45326

0.494672, 2.466

0.68205, 1.22691

0.729307, -0.339701

0.623869, -1.51767

0.487771, -1.09148

0.400716, -0.718983

0.332353, -0.694472

0.255094, -0.872207

0.156204, -1.101

0.0389711, -1.20837

-0.0750162, -1.00563

-0.146376, -0.332535

-0.120859, 0.975701

0.0683269, 2.71004

0.274663, 1.0825

0.296311, -0.501452

0.195807, -1.40738

0.0324679, -1.78283

-0.148875, -1.80672

-0.325141, -1.72167

-0.496828, -1.74708

-0.681964, -1.97818

-0.872591, -1.58405

-0.961865, -0.170424

-0.908733, 1.19576

-0.727416, 2.40284

-0.430296, 3.54901

-0.0217535, 4.50262

0.406208, 3.79616

0.725309, 2.61275

0.92842, 1.43925

1.00949, 0.155777

0.955581, -1.2511

0.775184, -2.13866

0.565253, -2.00851

0.370562, -1.92052

0.177015, -1.95686

-0.0174759, -1.89751

-0.190501, -1.48693

-0.29661, -0.534442

-0.275063, 1.10927

-0.0748563, 2.42035

0.0834015, 0.723404

0.0908674, -0.447224

0.0134137, -1.01571

-0.0977069, -1.1476

-0.207152, -1.01328

-0.297566, -0.796051

-0.369018, -0.658842

-0.436863, -0.747845

-0.529996, -1.16953

-0.66106, -1.20713

-0.71645, 0.195087

-0.622303, 1.62529

-0.400563, 2.75993

-0.0765738, 3.71387

0.328668, 4.18673

0.70451, 3.18672

0.961855, 1.98883

1.10472, 0.872727

1.13597, -0.258024

1.05039, -1.47451

0.844044, -2.56152

0.572573, -2.72342

0.309244, -2.54608

0.0654138, -2.309

-0.142045, -1.77175

-0.270997, -0.706416

-0.263643, 0.946152

-0.121818, 1.27033

-0.0651135, -0.0636086

-0.115277, -0.836714

-0.215668, -1.10086

-0.324258, -1.03141

-0.416686, -0.805641

-0.485343, -0.579075

-0.536785, -0.480546

-0.588733, -0.594294

-0.655533, -0.663982

-0.688138, 0.181978

-0.604314, 1.47866

-0.396697, 2.63184

-0.0856465, 3.54906

0.290793, 3.7754

0.629909, 2.90354

0.863432, 1.7659

0.981993, 0.599111

0.982976, -0.57777

0.874445, -1.50169

0.705289, -1.79354

0.522618, -1.85799

0.333936, -1.91012

0.145369, -1.82351

-0.0185719, -1.38039

-0.112181, -0.386585

-0.0772384, 1.13599

0.0520203, 0.853438

0.0606781, -0.575868

-0.0432819, -1.39995

-0.202356, -1.71239

-0.375165, -1.71163

-0.540879, -1.59971

-0.695565, -1.49843

-0.837101, -1.2746

-0.930635, -0.489639

-0.922815, 0.659528

-0.797832, 1.82839

-0.558761, 2.93827

-0.220449, 3.71412

0.146322, 3.43594

0.445176, 2.50418

0.63923, 1.35027

0.712711, 0.128295

0.681972, -0.585029

0.621184, -0.578078

0.565697, -0.560707

0.503305, -0.710477

0.420729, -0.94568

0.315656, -1.13659

0.200355, -1.12147

0.104377, -0.720271

0.0747873, 0.235463

0.162392, 1.40319

0.263709, 0.280275

0.213863, -1.16064

0.0504742, -2.01216

-0.173488, -2.41387

-0.425232, -2.6127

-0.693317, -2.71397

-0.943898, -2.11653

-1.09636, -0.921951

-1.13005, 0.231528

-1.05137, 1.33777

-0.861307, 2.47622

-0.553658, 3.6729

-0.156223, 3.97533

0.203971, 3.18753

0.474149, 2.19054

0.632209, 0.916609

0.65017, -0.567696

0.549589, -1.12301

0.460557, -0.65687

0.408923, -0.433856

0.364313, -0.494604

0.30503, -0.704328

0.223281, -0.918987

0.126525, -0.976121

0.0392143, -0.701668

0.00279572, 0.0713505

0.0754251, 1.50097

0.262852, 1.53734

0.322013, -0.255899

0.231772, -1.43678

0.0529591, -2.0574

-0.167047, -2.30467

-0.404318, -2.44976

-0.659189, -2.64507

-0.910679, -2.15974

-1.06269, -0.865598

-1.08648, 0.364685

-0.992345, 1.50545

-0.78568, 2.63408

-0.46202, 3.86519

-0.0371519, 4.27811

0.344216, 3.31417

0.623196, 2.26206

0.790441, 1.04389

0.824211, -0.414019

0.711779, -1.68231

0.542001, -1.54378

0.405386, -1.24232

0.284027, -1.22214

0.15644, -1.33859

0.0178638, -1.40969

-0.117111, -1.23294

-0.214377, -0.630679

-0.22473, 0.534902

-0.0833674, 2.403

0.161522, 1.7182

0.241927, 0.0488352

0.193728, -0.91266

0.0763066, -1.35997

-0.0657677, -1.43554

-0.204843, -1.33492

-0.333509, -1.25838

-0.463119, -1.38096

-0.618765, -1.75116

-0.785241, -1.27443

-0.838412, 0.214539

-0.747056, 1.56316

-0.532509, 2.69438

-0.21124, 3.74143

0.203912, 4.33592

0.593981, 3.32947

0.866738, 2.15416

1.02602, 1.02839

1.07058, -0.154373

0.991549, -1.44963

0.787998, -2.47358

0.535972, -2.46047

0.299212, -2.29567

0.0759354, -2.15991

-0.125169, -1.80637

-0.269746, -0.995649

-0.304297, 0.423268

-0.174611, 2.00384

-0.0171267, 0.861908

0.00432106, -0.306765

-0.0589591, -0.872895

-0.156052, -1.01192

-0.252683, -0.893216

-0.331827, -0.689515

-0.3929, -0.555559

-0.44989, -0.629922

-0.528892, -0.992952

-0.638117, -0.974073

-0.675863, 0.315335

-0.573644, 1.67449

-0.349147, 2.77104

-0.0259571, 3.67497

0.365903, 3.92678

0.712724, 2.91455

0.945386, 1.75622

1.06508, 0.637368

1.07186, -0.514825

0.96051, -1.70955

0.744976, -2.44175

0.498589, -2.43096

0.261886, -2.30255

0.0423144, -2.05424

-0.136659, -1.45025

-0.229442, -0.302239

-0.181798, 1.2557

-0.0525588, 0.820811

-0.0374513, -0.41187

-0.115748, -1.06141

-0.23453, -1.2531

-0.356985, -1.16607

-0.464275, -0.97661

-0.553665, -0.828065

-0.634257, -0.80608

-0.714609, -0.750315

-0.761028, -0.0369178

-0.705731, 1.15318

-0.531159, 2.30962

-0.249369, 3.29059

0.10869, 3.70444

0.453201, 3.05263

0.70588, 1.98503

0.846858, 0.823346

0.870812, -0.329125

0.794189, -1.08815

0.673537, -1.26882

0.542995, -1.35122

0.401625, -1.47955

0.249048, -1.55035

0.0996237, -1.38391

-0.0131119, -0.785386

-0.0379656, 0.398529

0.0673853, 1.42794

0.152619, 0.111664

0.0971294, -1.10599

-0.0499364, -1.74877

-0.238747, -1.97837

-0.43894, -2.01364

-0.640464, -2.01672

-0.835909, -1.80483

-0.976468, -0.902949

-1.00785, 0.27383

-0.92226, 1.42773

-0.722607, 2.56446

-0.411826, 3.60775

-0.0327422, 3.72673

0.301973, 2.91692

0.541843, 1.85283

0.665172, 0.579459

0.659766, -0.609975

0.579359, -0.806599

0.511428, -0.572749

0.457376, -0.547068

0.396013, -0.700382

0.315492, -0.9078

0.217609, -1.02138

0.120073, -0.872103

0.0577589, -0.288292

0.0818941, 0.879995

0.221758, 1.47012

0.290985, -0.119287

0.211201, -1.3651

0.0357079, -2.0633

-0.188881, -2.39015

-0.438017, -2.59546

-0.705441, -2.69614

-0.946222, -1.93772

-1.07802, -0.706589

-1.09043, 0.441088

-0.991127, 1.54062

-0.781006, 2.67764

-0.453573, 3.84994

-0.0499302, 3.90563

0.297194, 3.02365

0.549777, 2.00429

0.689231, 0.734527

0.689508, -0.746173

0.56748, -1.38173

0.450654, -0.94466

0.370109, -0.72139

0.297626, -0.760623

0.214001, -0.919593

0.114957, -1.04163

0.012781, -0.952821

-0.0628189, -0.483651

-0.0660682, 0.527664

0.0633846, 2.10633

0.261222, 1.24108

0.296873, -0.390969

0.203658, -1.37309

0.0390702, -1.84606

-0.15447, -1.99196

-0.356452, -2.05693

-0.569941, -2.24166

-0.798658, -2.18464

-0.964766, -1.02393

-0.999688, 0.296258

-0.90936, 1.48746

-0.704344, 2.60737

-0.386344, 3.77544

0.0319557, 4.2797

0.41441, 3.30248

0.690036, 2.21818

0.854509, 1.04557

0.893449, -0.303491

0.792588, -1.65885

0.603019, -1.89256

0.428932, -1.61946

0.271536, -1.56136

0.113406, -1.60279

-0.0453837, -1.53833

-0.183395, -1.15395

-0.259982, -0.286737

-0.219959, 1.22266

-0.0145373, 2.46047

0.151047, 0.806865

0.165731, -0.391909

0.0910936, -1.01872

-0.0241661, -1.23008

-0.146489, -1.19116

-0.260257, -1.08955

-0.368077, -1.09943

-0.488861, -1.36906

-0.644469, -1.64941

-0.768289, -0.607914

-0.754599, 0.839656

-0.607383, 2.05714

-0.349347, 3.08555

0.00700773, 4.02354

0.41788, 3.84733

0.74311, 2.66105

0.952535, 1.5413

1.05137, 0.427613

1.03573, -0.761577

0.896324, -2.02036

0.654701, -2.59807

0.402646, -2.42114

0.169739, -2.24487

-0.042895, -1.97418

-0.213208, -1.35894

-0.297091, -0.21852

-0.238755, 1.44681

-0.0700895, 1.30838

-0.00987221, 0.00213339

-0.0500804, -0.712948

-0.137281, -0.968179

-0.233842, -0.929017

-0.318902, -0.765823

-0.388094, -0.635832

-0.451783, -0.677056

-0.532107, -0.966061

-0.636913, -0.953056

-0.679316, 0.216984

-0.589414, 1.53684

-0.378852, 2.63341

-0.0690691, 3.54052

0.310185, 3.83131

0.652536, 2.90746

0.885977, 1.77277

1.00738, 0.652626

1.01526, -0.508018

0.905688, -1.66059

0.702858, -2.2374

0.478947, -2.20826

0.262828, -2.11342

0.0602538, -1.90506

-0.106721, -1.36407

-0.19524, -0.308155

-0.152378, 1.19073

-0.0208957, 0.908649

0.00197907, -0.355783

-0.0736602, -1.06456

-0.195801, -1.31669

-0.327538, -1.28799

-0.44992, -1.157

-0.560269, -1.06593

-0.666161, -1.05716

-0.763616, -0.785201

-0.798084, 0.182625

-0.719909, 1.37018

-0.526203, 2.48076

-0.229517, 3.40876

0.131146, 3.60184

0.456426, 2.81868

0.685511, 1.74806

0.802557, 0.579394

0.803176, -0.529988

0.716047, -1.07799

0.604351, -1.13083

0.489001, -1.19206

0.363844, -1.31414

0.228252, -1.37537

0.0967285, -1.2021

0.00187933, -0.6126

-0.00718236, 0.534985

0.105219, 1.3926

0.18346, 0.0513388

0.124002, -1.13182

-0.0253525, -1.77417

-0.217966, -2.03414

-0.426412, -2.12721

-0.642355, -2.18236

-0.850385, -1.84501

-0.985678, -0.796265

-1.00624, 0.373296

-0.912209, 1.49878

-0.706398, 2.62133

-0.390335, 3.64661

-0.0128071, 3.65371

0.312595, 2.81964

0.543647, 1.77395

0.659765, 0.510025

0.645742, -0.72828

0.550845, -0.952773

0.470974, -0.664149

0.410345, -0.589108

0.346916, -0.70047

0.268378, -0.868115

0.176465, -0.941623

0.0888263, -0.75473

0.0397787, -0.14179

0.0794054, 1.03753

0.229223, 1.4707

0.297203, -0.112522

0.22095, -1.30697

0.0526704, -1.98197

-0.163656, -2.30892

-0.405305, -2.52897

-0.667786, -2.67167

-0.909001, -1.95984

-1.04303, -0.727322

-1.05744, 0.420312

-0.960584, 1.51093

-0.754262, 2.62996

-0.432502, 3.78906

-0.0337268, 3.86716

0.309459, 2.98297

0.55872, 1.98357

0.698309, 0.762412

0.703714, -0.683934

0.580724, -1.50137

0.447399, -1.11825

0.351132, -0.860593

0.266704, -0.859786

0.175427, -0.972055

0.0739275, -1.03629

-0.024345, -0.878673

-0.0888744, -0.335833

-0.0734873, 0.755723

0.0783974, 2.21878

0.260484, 1.02034

0.281858, -0.464313

0.186919, -1.3427

0.0286821, -1.75773

-0.155087, -1.89159

-0.347891, -1.9778

-0.555219, -2.19653

-0.778709, -2.10283

-0.934014, -0.908366

-0.958199, 0.393802

-0.859274, 1.5613

-0.648157, 2.65703

-0.326497, 3.79294

0.0867375, 4.1396

0.452382, 3.13077

0.711586, 2.0602

0.861258, 0.909647

0.888264, -0.404092

0.779206, -1.72536

0.582711, -1.96996

0.400642, -1.69718

0.236507, -1.6147

0.0753693, -1.60476

-0.0797608, -1.4585

-0.204778, -0.971892

-0.257743, 0.00682839

-0.182333, 1.62989

0.0360632, 2.02961

0.153845, 0.420922

0.141157, -0.5715

0.0559414, -1.06088

-0.0592057, -1.19725

-0.177401, -1.15278

-0.289754, -1.10954

-0.404878, -1.23443

-0.545303, -1.60272

-0.705934, -1.34273

-0.773146, 0.0354805

-0.70152, 1.34916

-0.510032, 2.44546

-0.21631, 3.43019

0.167336, 4.08947

0.545555, 3.2812

0.814942, 2.13166

0.973477, 1.04015

1.02161, -0.0920781

0.951806, -1.32657

0.760654, -2.38622

0.51187, -2.45138

0.277832, -2.24311

0.0627112, -2.05109

-0.125575, -1.66496

-0.256259, -0.86758

-0.28093, 0.480607

-0.155554, 1.80957

-0.0173505, 0.739844

-0.00137206, -0.31008

-0.0618827, -0.823202

-0.153497, -0.960326

-0.246836, -0.886008

-0.329119, -0.765437

-0.40334, -0.747834

-0.486155, -0.951062

-0.595889, -1.17804

-0.683651, -0.366194

-0.652539, 0.967289

-0.495412, 2.13106

-0.232522, 3.10519

0.11733, 3.80611

0.487155, 3.35007

0.766905, 2.24309

0.935827, 1.13858

0.993771, 0.00962932

0.936012, -1.1727

0.767316, -2.08579

0.547952, -2.20215

0.333394, -2.09166

0.130777, -1.94651

-0.0484633, -1.5873

-0.172493, -0.811363

-0.192815, 0.503367

-0.0784577, 1.44564

0.0127723, 0.278382

-0.0130084, -0.692063

-0.10905, -1.15541

-0.232288, -1.26601

-0.356253, -1.19935

-0.471609, -1.11754

-0.58289, -1.12639

-0.69605, -1.08528

-0.776536, -0.383634

-0.757014, 0.784832

-0.620109, 1.92964

-0.37479, 2.95519

-0.0401057, 3.62654

0.312801, 3.24549

0.589529, 2.26494

0.761289, 1.15651

0.818552, -0.0188268

0.763761, -0.994236

0.644665, -1.27471

0.51776, -1.26529

0.389282, -1.31627

0.254254, -1.37535

0.119239, -1.28703

0.00794857, -0.871235

-0.0386801, 0.0330461

0.0288221, 1.30986

0.154637, 0.740376

0.15612, -0.615716

0.0487662, -1.44156

-0.117619, -1.82807

-0.308348, -1.96529

-0.508645, -2.04421

-0.714716, -2.02729

-0.890567, -1.34356

-0.967728, -0.188438

-0.928678, 0.955614

-0.777591, 2.06127

-0.516579, 3.15636

-0.16108, 3.76417

0.193059, 3.19208

0.465509, 2.24102

0.634644, 1.10886

0.681851, -0.182687

0.611182, -1.05254

0.50814, -0.920177

0.427444, -0.730979

0.354942, -0.747454

0.274497, -0.867747

0.182757, -0.947986

0.0917091, -0.826416

0.0297654, -0.338866

0.0412166, 0.669287

0.1676, 1.64221

0.278131, 0.36149

0.243421, -0.949366

0.105187, -1.73347

-0.0902302, -2.12808

-0.31447, -2.35165

-0.560352, -2.56145

-0.809918, -2.24396

-0.978849, -1.08895

-1.02783, 0.0874118

-0.963745, 1.18367

-0.791192, 2.2731

-0.506808, 3.42644

-0.125943, 3.91909

0.23147, 3.158

0.499926, 2.20387

0.66584, 1.0765

0.707484, -0.284869

0.614534, -1.41982

0.472743, -1.26048

0.365468, -0.93252

0.277411, -0.864709

0.187901, -0.936504

0.09072, -0.991041

-0.00401903, -0.859386

-0.0694141, -0.378285

-0.0628958, 0.611592

0.0696649, 2.02884

0.250687, 1.10754

0.280996, -0.380698

0.193201, -1.28497

0.0389229, -1.73788

-0.145063, -1.91645

-0.342663, -2.04902

-0.558797, -2.29072

-0.786387, -2.05762

-0.93335, -0.825406

-0.951788, 0.427073

-0.851563, 1.55777

-0.641786, 2.63845

-0.322249, 3.76229

0.0830391, 4.00665

0.435676, 3.01717

0.685173, 1.97553

0.827084, 0.836742

0.846917, -0.475826

0.732005, -1.74813

0.539931, -1.8781

0.368139, -1.58924

0.215166, -1.49847

0.0661907, -1.47788

-0.0760041, -1.32897

-0.188751, -0.859901

-0.232351, 0.0788611

-0.152663, 1.63496

0.061435, 1.96922

0.175286, 0.39541

0.160388, -0.593528

0.0724423, -1.09583

-0.0474436, -1.25957

-0.173881, -1.25818

-0.299681, -1.27678

-0.435426, -1.48134

-0.600928, -1.79361

-0.755666, -1.04683

-0.789942, 0.341113

-0.692733, 1.56151

-0.483128, 2.60772

-0.17324, 3.59633

0.218955, 3.99004

0.572758, 2.99672

0.816162, 1.89112

0.951285, 0.805421

0.974904, -0.353035

0.877248, -1.61293

0.666634, -2.40891

0.429643, -2.26918

0.213411, -2.07309

0.0151483, -1.8777

-0.154457, -1.46145

-0.263046, -0.629236

-0.262384, 0.748106

-0.115694, 1.86384

0.0163886, 0.66232

0.0276238, -0.332788

-0.0336668, -0.821223

-0.125013, -0.961271

-0.219651, -0.915135

-0.307273, -0.847208

-0.393346, -0.907417

-0.49644, -1.19025

-0.624953, -1.22075

-0.697695, -0.111307

-0.64214, 1.18378

-0.467074, 2.27925

-0.191481, 3.21942

0.166551, 3.81063

0.524201, 3.14784

0.783179, 2.04141

0.932941, 0.954349

0.972795, -0.170447

0.8968, -1.3562

0.712145, -2.19745

0.487361, -2.21418

0.273841, -2.0622

0.0762178, -1.87371

-0.0930168, -1.45827

-0.201287, -0.625768

-0.200967, 0.722878

-0.0720726, 1.44122

0.0140378, 0.244403

-0.0108268, -0.645948

-0.0996503, -1.06336

-0.212812, -1.16152

-0.326873, -1.10963

-0.434954, -1.06546

-0.543864, -1.13471

-0.660866, -1.14322

-0.745457, -0.398369

-0.725675, 0.795219

-0.588165, 1.92779

-0.344145, 2.93283

-0.0115712, 3.61484

0.340679, 3.23294

0.615348, 2.24096

0.785403, 1.15019

0.843024, -0.0103953

0.785878, -1.08292

0.649266, -1.50857

0.499068, -1.48135

0.351906, -1.4728

0.204522, -1.46479

0.0644047, -1.29755

-0.0434873, -0.791278

-0.0775379, 0.204064

0.0073074, 1.41239

0.126665, 0.618171

0.12181, -0.617514

0.0199137, -1.33812

-0.132486, -1.65811

-0.304266, -1.75954

-0.482989, -1.82115

-0.667809, -1.84514

-0.832474, -1.29858

-0.907709, -0.178404

-0.867404, 0.969485

-0.715264, 2.06427

-0.455698, 3.11861

-0.106703, 3.67979

0.238705, 3.10127

0.501668, 2.14318

0.661686, 1.03002

0.703311, -0.21119

0.630853, -1.08596

0.519717, -1.04255

0.42465, -0.887525

0.336521, -0.898128

0.242675, -0.97967

0.143187, -0.984842

0.053812, -0.750052

0.00656521, -0.115511

0.0478972, 1.02868

0.190588, 1.36439

0.254908, -0.0780664

0.187909, -1.16647

0.0369179, -1.78493

-0.158569, -2.09268

-0.378077, -2.30024

-0.617264, -2.44657

-0.841778, -1.85863

-0.969129, -0.679375

-0.979375, 0.456036

-0.879594, 1.53286

-0.672172, 2.62686

-0.355118, 3.66304

0.0206381, 3.58455

0.336803, 2.72425

0.56088, 1.73697

0.677101, 0.546818

0.664893, -0.798032

0.541578, -1.40857

0.416842, -1.0619

0.323502, -0.84944

0.240063, -0.843395

0.152619, -0.904365

0.0622775, -0.874335

-0.0136745, -0.589967

-0.0420567, 0.104035

0.0253455, 1.34217

0.201101, 1.63889

0.286143, 0.0948626

0.235521, -1.01033

0.0995463, -1.63951

-0.0814877, -1.94534

-0.285661, -2.14165

-0.511907, -2.39474

-0.751337, -2.20815

-0.91754, -1.05021

-0.960758, 0.159303

-0.888926, 1.26097

