0.785398, 1.663

0.946661, 1.50827

1.07619, 1.03084

1.14432, 0.297353

1.12968, -0.613849

1.01696, -1.65605

0.795078, -2.79132

0.458456, -3.92052

0.0342189, -4.33125

-0.362102, -3.47469

-0.649155, -2.26243

-0.813677, -1.03224

-0.859965, 0.072147

-0.813096, 0.766603

-0.72842, 0.832028

-0.657653, 0.564779

-0.617244, 0.24038

-0.610917, -0.118572

-0.637811, -0.369316

-0.665038, -0.0442963

-0.624509, 0.92099

-0.473045, 2.10685

-0.204536, 3.2375

0.162029, 3.98093

0.554062, 3.66239

0.872103, 2.66991

1.08729, 1.64664

1.20457, 0.714872

1.23369, -0.117653

1.18397, -0.864193

1.06345, -1.53134

0.881995, -2.06563

0.65949, -2.32666

0.429198, -2.2241

0.224358, -1.84458

0.0628753, -1.39703

-0.0630955, -1.18378

-0.18793, -1.36816

-0.343674, -1.7498

-0.535108, -2.04789

-0.744639, -2.09185

-0.942538, -1.81346

-1.09876, -1.27775

-1.1931, -0.589179

-1.21289, 0.210822

-1.14717, 1.12051

-0.985062, 2.13587

-0.717298, 3.22399

-0.346865, 4.0866

0.0613074, 3.85719

0.396911, 2.81356

0.618017, 1.60274

0.718632, 0.429239

0.715764, -0.392625

0.664301, -0.51867

0.626355, -0.216291

0.622111, 0.125815

0.651194, 0.456201

0.711224, 0.711692

0.778081, 0.507801

0.790115, -0.351608

0.696806, -1.53104

0.48173, -2.7603

0.148354, -3.8702

-0.267463, -4.22383

-0.653533, -3.38109

-0.935019, -2.25547

-1.10678, -1.19477

-1.17772, -0.242411

-1.15971, 0.580602

-1.06679, 1.24827

-0.91731, 1.69703

-0.737279, 1.85293

-0.556148, 1.73314

-0.396783, 1.43871

-0.268377, 1.15277

-0.156069, 1.16166

-0.0219965, 1.56747

0.162665, 2.11805

0.396351, 2.50939

0.651864, 2.52891

0.888229, 2.14197

1.07275, 1.52731

1.19136, 0.838176

1.23914, 0.109958

1.21135, -0.677581

1.10073, -1.54844

0.898794, -2.49907

0.601927, -3.40587

0.236928, -3.73246

-0.111384, -3.12454

-0.373549, -2.09547

-0.527923, -1.00017

-0.582469, -0.167296

-0.58354, 0.0291233

-0.592832, -0.249618

-0.635318, -0.591463

-0.709125, -0.873787

-0.805814, -1.02165

-0.899881, -0.766506

-0.941255, 0.0111235

-0.887241, 1.09588

-0.717822, 2.29529

-0.427687, 3.49913

-0.0287649, 4.35074

0.396295, 3.91979

0.731955, 2.77713

0.950882, 1.61184

1.05723, 0.532009

1.06271, -0.391178

0.98783, -1.05173

0.865011, -1.33818

0.731401, -1.29326

0.612528, -1.06523

0.521281, -0.757299

0.457143, -0.574455

0.390297, -0.856404

0.269607, -1.60061

0.066142, -2.45189

-0.213287, -3.07362

-0.529039, -3.12452

-0.817098, -2.56572

-1.03481, -1.77901

-1.17314, -0.994272

-1.23517, -0.251978

-1.22419, 0.471788

-1.14019, 1.21324

-0.980411, 1.98444

-0.744743, 2.70407

-0.450898, 3.08324

-0.14965, 2.8463

0.102877, 2.16522

0.278988, 1.36351

0.383433, 0.79222

0.454829, 0.717321

0.53831, 0.974706

0.650413, 1.25401

0.784875, 1.40725

0.923848, 1.31986

1.03697, 0.881118

1.08951, 0.127048

1.05531, -0.83616

0.91763, -1.93002

0.666617, -3.09503

0.301866, -4.14256

-0.127234, -4.1788

-0.496931, -3.15213

-0.751448, -1.93966

-0.88571, -0.756214

-0.908533, 0.258259

-0.848053, 0.859009

-0.755556, 0.912955

-0.674822, 0.682729

-0.621528, 0.375932

-0.60103, 0.0348457

-0.608795, -0.12235

-0.604405, 0.329006

-0.524474, 1.31537

-0.336325, 2.43682

-0.0415107, 3.41524

0.326829, 3.79521

0.683002, 3.20205

0.955121, 2.23186

1.13032, 1.28521

1.21529, 0.428956

1.21908, -0.341108

1.14925, -1.04633

1.01176, -1.69075

0.815309, -2.20473

0.580558, -2.42974

0.342375, -2.27884

0.134203, -1.85986

-0.0281519, -1.40515

-0.155709, -1.20646

-0.282186, -1.36867

-0.434634, -1.67889

-0.614758, -1.89401

-0.805539, -1.87583

-0.980223, -1.57051

-1.11164, -1.02465

-1.17974, -0.31434

-1.17012, 0.526384

-1.07034, 1.48588

-0.869392, 2.54464

-0.560518, 3.61834

-0.163112, 4.1475

0.226296, 3.49353

0.519502, 2.3545

0.694556, 1.14772

0.753479, 0.0708279

0.724976, -0.528377

0.670212, -0.482352

0.637015, -0.173498

0.635809, 0.147503

0.666498, 0.462925

0.722877, 0.601172

0.766452, 0.151037

0.734138, -0.852053

0.589108, -2.0503

0.324314, -3.22809

-0.0466529, -4.09242

-0.455511, -3.85951

-0.791831, -2.83157

-1.02021, -1.7483

-1.14455, -0.754825

-1.17526, 0.120865

-1.12493, 0.862464

-1.00823, 1.43932

-0.844821, 1.78343

-0.661095, 1.84619

-0.483757, 1.67155

-0.330969, 1.38075

-0.204163, 1.19539

-0.079925, 1.3514

0.0765057, 1.79958

0.280525, 2.25685

0.519686, 2.47125

0.761769, 2.30573

0.97009, 1.82236

1.12144, 1.191

1.20647, 0.501774

1.22003, -0.240992

1.15564, -1.06055

1.0048, -1.96878

0.759994, -2.92521

0.426916, -3.64946

0.0600451, -3.51963

-0.251841, -2.66257

-0.464633, -1.58404

-0.57084, -0.573981

-0.594771, -0.0112447

-0.59484, -0.0724684

-0.617788, -0.39339

-0.672827, -0.69763

-0.75487, -0.925714

-0.850195, -0.914876

-0.920731, -0.404456

-0.916434, 0.538612

-0.805933, 1.6843

-0.577255, 2.88651

-0.231556, 3.98758

0.192222, 4.24506

0.57553, 3.32427

0.849356, 2.15769

1.00862, 1.04025

1.06162, 0.0437714

1.02449, -0.743515

0.923878, -1.205

0.795864, -1.30187

0.6716, -1.15747

0.568566, -0.892132

0.493102, -0.637771

0.430596, -0.692047

0.336939, -1.25215

0.170624, -2.08069

-0.0767623, -2.82672

-0.380739, -3.15685

-0.685555, -2.83804

-0.934923, -2.11906

-1.10726, -1.33022

-1.20232, -0.578071

-1.22409, 0.139452

-1.17446, 0.855708

-1.05201, 1.59749

-0.854822, 2.33756

-0.590217, 2.89883

-0.292286, 2.95937

-0.0172595, 2.47876

0.194255, 1.73704

0.332112, 1.05725

0.419255, 0.766473

0.500172, 0.898995

0.603628, 1.16809

0.731232, 1.36254

0.869991, 1.37253

0.995612, 1.08145

1.0752, 0.460934

1.07959, -0.404571

0.988708, -1.43091

0.789811, -2.55525

0.477041, -3.68726

0.0693683, -4.28085

-0.333265, -3.60944

-0.636492, -2.44526

-0.820936, -1.24847

-0.889737, -0.15408

-0.862408, 0.62619

-0.783015, 0.866868

-0.70254, 0.707103

-0.645383, 0.429215

-0.618263, 0.108689

-0.621638, -0.140482

-0.630746, 0.0708795

-0.585922, 0.901197

-0.440957, 2.00382

-0.18595, 3.06903

0.160863, 3.7646

0.534066, 3.52296

0.84307, 2.61812

1.05557, 1.64116

1.17408, 0.744065

1.20772, -0.0565048

1.16563, -0.772983

1.05554, -1.41566

0.886088, -1.94741

0.673578, -2.25404

0.446465, -2.2353

0.236214, -1.93872

0.0622873, -1.54441

-0.0782357, -1.31249

-0.211634, -1.40395

-0.365785, -1.6866

-0.5473, -1.91882

-0.742462, -1.94196

-0.92645, -1.69211

-1.07298, -1.20547

-1.16226, -0.557883

-1.18045, 0.213183

-1.11561, 1.1011

-0.956462, 2.09553

-0.694212, 3.14998

-0.333938, 3.95682

0.0609255, 3.73939

0.387408, 2.74531

0.603802, 1.57728

0.704617, 0.463164

0.708843, -0.286045

0.669708, -0.393363

0.642741, -0.124004

0.646113, 0.187508

0.67976, 0.482073

0.738854, 0.656462

0.794859, 0.354179

0.789856, -0.524718

0.680464, -1.67689

0.452664, -2.86875

0.111708, -3.89788

-0.298054, -4.07102

-0.664941, -3.17933

-0.927315, -2.07467

-1.08205, -1.03497

-1.13833, -0.111157

-1.10939, 0.662959

-1.01217, 1.24458

-0.868922, 1.57393

-0.706505, 1.63388

-0.549234, 1.48701

-0.412516, 1.24586

-0.296445, 1.11555

-0.177549, 1.32442

-0.0209974, 1.83021

0.189315, 2.35194

0.440804, 2.61823

0.698567, 2.46525

0.92204, 1.96408

1.08669, 1.31806

1.18462, 0.63723

1.21337, -0.0681578

1.16924, -0.824896

1.04583, -1.65462

0.836398, -2.5349

0.542866, -3.28208

0.20122, -3.40879

-0.112702, -2.78952

-0.345365, -1.84517

-0.481728, -0.906463

-0.539098, -0.329909

-0.567432, -0.318345

-0.612422, -0.594876

-0.686247, -0.870555

-0.783341, -1.0492

-0.888255, -0.989869

-0.966763, -0.503121

-0.975984, 0.365472

-0.88638, 1.44506

-0.683638, 2.61245

-0.364578, 3.74796

0.0464472, 4.27501

0.444987, 3.54619

0.741954, 2.3891

0.922825, 1.23775

0.993248, 0.194033

0.969519, -0.618378

0.882699, -1.04293

0.774473, -1.06954

0.675846, -0.883591

0.600897, -0.607329

0.553761, -0.358725

0.517685, -0.450826

0.444424, -1.09094

0.28917, -2.02355

0.0410861, -2.90319

-0.278128, -3.38122

-0.608864, -3.1065

-0.882499, -2.33003

-1.07245, -1.47377

-1.17925, -0.673551

-1.20944, 0.0608771

-1.16843, 0.755511

-1.05879, 1.43508

-0.882496, 2.07765

-0.648791, 2.55022

-0.385529, 2.6411

-0.135166, 2.31347

0.0692137, 1.76098

0.218917, 1.26685

0.333838, 1.09408

0.44882, 1.23779

0.584131, 1.46131

0.737486, 1.5788

0.892843, 1.48664

1.02578, 1.12564

1.10964, 0.514833

1.12233, -0.287907

1.04697, -1.23835

0.870767, -2.29719

0.585931, -3.3943

0.203195, -4.12621

-0.19769, -3.6992

-0.514591, -2.61214

-0.716471, -1.42584

-0.802526, -0.320761

-0.792059, 0.447881

-0.733098, 0.632811

-0.67858, 0.428161

-0.650056, 0.140503

-0.651075, -0.161702

-0.679659, -0.371337

-0.709636, -0.117809

-0.6825, 0.734213

-0.553159, 1.86262

-0.309411, 2.99352

0.0367306, 3.84711

0.427543, 3.76522

0.761256, 2.85334

0.99444, 1.81846

1.12759, 0.860331

1.17037, 0.0138047

1.13444, -0.712503

1.03223, -1.3077

0.878698, -1.7278

0.69474, -1.9086

0.505471, -1.84207

0.332084, -1.61189

0.182856, -1.39338

0.0454086, -1.40445

-0.107724, -1.688

-0.294902, -2.04422

-0.511303, -2.24336

-0.733594, -2.14976

-0.931521, -1.76887

-1.08158, -1.21232

-1.17107, -0.565315

-1.19219, 0.155895

-1.13686, 0.965699

-0.995722, 1.87032

-0.76067, 2.83062

-0.435338, 3.60219

-0.0681839, 3.56956

0.251479, 2.75872

0.474753, 1.69588

0.591917, 0.674264

0.622702, 0.0352258

0.619892, -0.00281318

0.632517, 0.270765

0.674389, 0.55926

0.74244, 0.787723

0.825504, 0.817036

0.889898, 0.379286

0.885864, -0.513928

0.779248, -1.63352

0.556694, -2.81366

0.21981, -3.88186

-0.192967, -4.14831

-0.569549, -3.28194

-0.840816, -2.14629

-1.00023, -1.05502

-1.05608, -0.0861416

-1.02441, 0.678535

-0.930556, 1.14058

-0.807622, 1.2682

-0.684731, 1.1635

-0.579031, 0.94028

-0.496403, 0.73278

-0.4229, 0.808176

-0.318989, 1.33311

-0.147675, 2.09871

0.0980492, 2.77466

0.393491, 3.04286

0.686014, 2.71739

0.924843, 2.03064

1.09001, 1.27412

1.18081, 0.548119

1.2007, -0.147839

1.15119, -0.845188

1.03072, -1.5679

0.837573, -2.28581

0.57916, -2.82952

0.287836, -2.90291

0.0166222, -2.46006

-0.195148, -1.76091

-0.337366, -1.11817

-0.431145, -0.830034

-0.516746, -0.925386

-0.620602, -1.15087

-0.74461, -1.30889

-0.876514, -1.29097

-0.993307, -0.990425

-1.06415, -0.379

-1.06106, 0.471892

-0.964192, 1.48327

-0.760917, 2.58948

-0.446479, 3.67825

-0.0445816, 4.16864

0.344336, 3.4683

0.634618, 2.32698

0.808571, 1.15822

0.87051, 0.112174

0.842725, -0.58884

0.770814, -0.764163

0.7014, -0.59583

0.654764, -0.330955

0.636295, -0.0384751

0.643238, 0.129258

0.645214, -0.197481

0.584702, -1.07316

0.423007, -2.16144

0.154294, -3.18068

-0.198496, -3.75322

-0.562739, -3.37516

-0.855301, -2.44939

-1.05156, -1.4861

-1.15548, -0.607994

-1.17671, 0.167342

-1.12525, 0.846925

-1.01046, 1.43103

-0.843621, 1.87573

-0.642966, 2.09347

-0.434236, 2.04085

-0.241744, 1.7902

-0.0770785, 1.51805

0.0685493, 1.43733

0.219243, 1.60586

0.392755, 1.85784

0.586909, 1.99357

0.783599, 1.89755

0.958126, 1.5558

1.08872, 1.03163

1.16039, 0.383583

1.16182, -0.372653

1.08207, -1.23907

0.910512, -2.20364

0.640219, -3.19159

0.283786, -3.81448

-0.0877863, -3.45673

-0.386503, -2.48115

-0.579085, -1.36886

-0.664229, -0.373937

-0.669409, 0.167999

-0.650638, 0.132971

-0.65066, -0.141938

-0.679059, -0.420847

-0.733251, -0.648268

-0.801104, -0.641341

-0.84376, -0.11749

-0.809555, 0.847667

-0.667716, 1.99585

-0.40967, 3.15259

-0.0457566, 4.03491

0.360546, 3.86839

0.699469, 2.86562

0.930528, 1.76409

1.05494, 0.740545

1.08345, -0.144173

1.03288, -0.828663

0.926711, -1.24523

0.79347, -1.37655

0.658575, -1.2959

0.538227, -1.10305

0.436811, -0.950646

0.338384, -1.08122

0.207553, -1.58048

0.0169433, -2.22557

-0.232427, -2.71248

-0.511254, -2.78058

-0.772237, -2.37543

-0.978202, -1.72501

-1.11586, -1.02834

-1.18437, -0.343646

-1.18456, 0.342638

-1.11469, 1.06209

-0.970492, 1.82706

-0.74957, 2.57574

-0.46386, 3.06374

-0.157331, 2.96256

0.110811, 2.34993

0.306053, 1.55137

0.425726, 0.890241

0.498733, 0.64845

0.56839, 0.781624

0.658211, 1.0107

0.767987, 1.16484

0.885184, 1.138

0.9851, 0.799758

1.03371, 0.12281

1.0014, -0.79832

0.868898, -1.8649

0.625968, -2.99455

0.274322, -3.97605

-0.136932, -4.0168

-0.494381, -3.06345

-0.742729, -1.90336

-0.876138, -0.778011

-0.904505, 0.168493

-0.855501, 0.730301

-0.774672, 0.818645

-0.700485, 0.644195

-0.64861, 0.386356

-0.623773, 0.118813

-0.617721, 0.0710848

-0.590736, 0.566222

-0.489191, 1.50121

-0.28663, 2.5371

0.0122177, 3.38279

0.367721, 3.57365

0.697761, 2.93286

0.945138, 2.00841

1.10048, 1.11083

1.17044, 0.303539

1.1643, -0.412917

1.09039, -1.05365

0.956166, -1.61445

0.772141, -2.03393

0.55769, -2.20822

0.340286, -2.09961

0.144351, -1.80409

-0.0207646, -1.51824

-0.166591, -1.43992

-0.316616, -1.58324

-0.485002, -1.77458

-0.667352, -1.84212

-0.846195, -1.69614

-0.999114, -1.32785

-1.10591, -0.782645

-1.1511, -0.100252

-1.12175, 0.706541

-1.00577, 1.6287

-0.792998, 2.6333

-0.481108, 3.56352

-0.102999, 3.81816

0.248294, 3.10699

0.506053, 2.03255

0.653656, 0.930287

0.700048, 0.0606413

0.684434, -0.268702

0.662602, -0.121864

0.664108, 0.152726

0.692765, 0.415955

0.744773, 0.596616

0.800529, 0.430819

0.812237, -0.277769

0.733109, -1.33265

0.541828, -2.48949

0.237507, -3.56577

-0.15219, -4.05552

-0.533215, -3.41929

-0.822076, -2.35017

-1.00373, -1.29539

-1.08484, -0.347044

-1.07856, 0.443359

-1.00327, 1.02263

-0.882759, 1.34225

-0.743244, 1.41245

-0.606247, 1.30751

-0.484299, 1.13243

-0.376053, 1.07036

-0.259268, 1.32244

-0.101683, 1.85207

0.112066, 2.39953

0.369618, 2.69034

0.635187, 2.54649

0.866606, 2.041

1.03872, 1.3919

1.14445, 0.722897

1.18333, 0.0530262

1.15419, -0.642545

1.05302, -1.38977

0.874724, -2.17684

0.620277, -2.87618

0.313903, -3.14824

0.013058, -2.78097

-0.228888, -2.02893

-0.390695, -1.22307

-0.482787, -0.686683

-0.543936, -0.605647

-0.61322, -0.797833

-0.703993, -1.00722

-0.811126, -1.11041

-0.918539, -0.986795

-0.99671, -0.515117

-1.01079, 0.276135

-0.934398, 1.27362

-0.752102, 2.37921

-0.458196, 3.48471

-0.0695647, 4.13523

0.326568, 3.61111

0.633738, 2.51386

0.827495, 1.36724

0.910547, 0.317909

0.899976, -0.470652

0.831374, -0.820556

0.749107, -0.780517

0.680702, -0.575037

0.636031, -0.315052

0.615802, -0.120235

0.599215, -0.302972

0.536537, -1.02159

0.385309, -2.01199

0.135041, -2.96249

-0.194367, -3.52354

-0.540946, -3.26454

-0.828204, -2.44202

-1.02676, -1.53508

-1.13762, -0.696379

-1.1692, 0.0505882

-1.13022, 0.717541

-1.02791, 1.31699

-0.869818, 1.82395

-0.669099, 2.15147

-0.448824, 2.20754

-0.236506, 2.00765

-0.0513383, 1.69442

0.105675, 1.47685

0.252098, 1.48707

0.408404, 1.64667

0.580429, 1.77488

0.757921, 1.74185

0.921607, 1.49565

1.05041, 1.05043

1.12646, 0.446929

1.13531, -0.29095

1.06399, -1.1536

0.900872, -2.12075

0.638442, -3.12

0.286863, -3.80174

-0.0878415, -3.52212

-0.3946, -2.57113

-0.596592, -1.46611

-0.690948, -0.454016

-0.700893, 0.163793

-0.677632, 0.220566

-0.666344, -0.0110075

-0.680801, -0.27514

-0.720316, -0.50413

-0.775406, -0.539672

-0.811643, -0.090397

-0.777565, 0.823841

-0.639602, 1.94396

-0.388019, 3.07336

-0.0336546, 3.9256

0.362587, 3.78997

0.696307, 2.8348

0.925839, 1.76307

1.05149, 0.766527

1.08386, -0.093792

1.0391, -0.766284

0.938657, -1.19881

0.808015, -1.37392

0.6708, -1.34454

0.543147, -1.19944

0.430285, -1.07817

0.319494, -1.19054

0.180946, -1.62072

-0.00956866, -2.18462

-0.251275, -2.60389

-0.517518, -2.64741

-0.766385, -2.27273

-0.964406, -1.66801

-1.09827, -1.00747

-1.16601, -0.347373

-1.1674, 0.323753

-1.09986, 1.03535

-0.958502, 1.79771

-0.740413, 2.54979

-0.456589, 3.05501

-0.149566, 2.98039

0.12127, 2.38367

0.320192, 1.58963

0.443229, 0.915175

0.516987, 0.63549

0.58326, 0.729323

0.666566, 0.935388

0.768272, 1.08084

0.877245, 1.06042

0.970351, 0.742469

1.01427, 0.0849441

0.978805, -0.824412

0.844139, -1.88191

0.600171, -2.99625

0.250121, -3.93566

-0.154403, -3.93265

-0.503747, -2.98939

-0.745692, -1.84928

-0.874928, -0.75017

-0.902194, 0.161317

-0.855581, 0.692885

-0.778831, 0.7798

-0.707752, 0.621598

-0.65721, 0.382932

-0.631261, 0.148357

-0.61966, 0.15387

-0.582438, 0.679693

-0.4699, 1.60227

-0.258934, 2.60163

0.0433154, 3.37876

0.39351, 3.47443

0.71153, 2.80551

0.946901, 1.89755

1.09227, 1.02243

1.15457, 0.238795

1.14319, -0.452492

1.0667, -1.06496

0.93296, -1.59263

0.752826, -1.97923

0.544821, -2.13875

0.333764, -2.04725

0.140948, -1.79749

-0.0264077, -1.5689

-0.179262, -1.52228

-0.337002, -1.64776

-0.509455, -1.78874

-0.690353, -1.79961

-0.862627, -1.6109

-1.00593, -1.22501

-1.10241, -0.68116

-1.13784, -0.00703859

-1.09964, 0.790092

-0.97587, 1.70022

-0.756953, 2.6814

-0.443104, 3.54242

-0.0728868, 3.68766

0.263508, 2.95439

0.507134, 1.90432

0.644162, 0.852509

0.686988, 0.0741494

0.677546, -0.168222

0.667096, -0.00577821

0.679305, 0.249234

0.716224, 0.481811

0.7718, 0.5918

0.821516, 0.314758

0.817712, -0.458668

0.719849, -1.51998

0.510721, -2.65702

0.192148, -3.67069

-0.199682, -3.97298

-0.565005, -3.22244

-0.83391, -2.15298

-0.996667, -1.11551

-1.06113, -0.19675

-1.0422, 0.541159

-0.961067, 1.03638

-0.844074, 1.26012

-0.716475, 1.26372

-0.595793, 1.13774

-0.48942, 1.0027

-0.388734, 1.06044

-0.265577, 1.45296

-0.0907377, 2.05119

0.14247, 2.57651

0.413032, 2.76146

0.678714, 2.48131

0.89897, 1.89496

1.05495, 1.22165

1.14362, 0.554486

1.16624, -0.102586

1.12249, -0.777724

1.00928, -1.4925

0.823392, -2.2193

0.56991, -2.8045

0.27754, -2.9495

-0.00114171, -2.55561

-0.223274, -1.86736

-0.374913, -1.1913

-0.471918, -0.813828

-0.550772, -0.811776

-0.640056, -0.980369

-0.745842, -1.12046

-0.859529, -1.12175

-0.961819, -0.872948

-1.02359, -0.31196

-1.01542, 0.509762

-0.915642, 1.50415

-0.711216, 2.58932

-0.39904, 3.62397

-0.00723689, 4.02563

0.366736, 3.32784

0.64495, 2.22522

0.81099, 1.10404

0.870585, 0.122445

0.847092, -0.518153

0.783057, -0.689259

0.719339, -0.55858

0.674476, -0.332265

0.653502, -0.0926562

0.650674, -0.0179833

0.633576, -0.418029

0.550941, -1.28267

0.371084, -2.31103

0.0921709, -3.22496

-0.25615, -3.607

-0.598445, -3.11678

-0.865849, -2.21316

-1.04075, -1.29527

-1.12798, -0.465635

-1.13755, 0.257284

-1.07995, 0.878258

-0.965324, 1.39529

-0.80549, 1.77354

-0.617209, 1.95681

-0.421383, 1.92961

-0.23616, 1.76378

-0.0683015, 1.60898

0.0910556, 1.60737

0.258548, 1.75528

0.442444, 1.90867

0.635582, 1.92284

0.820022, 1.73089

0.975373, 1.34844

1.08514, 0.827391

1.13731, 0.1988

1.12133, -0.535887

1.02638, -1.37895

0.842478, -2.30682

0.565777, -3.20062

0.21798, -3.62112

-0.127194, -3.1602

-0.397604, -2.21872

-0.567807, -1.19156

-0.642453, -0.356015

-0.655615, -0.000657516

-0.658091, -0.0966568

-0.679546, -0.334885

-0.724428, -0.554697

-0.787125, -0.668857

-0.84742, -0.460843

-0.863246, 0.21563

-0.793273, 1.2141

-0.615885, 2.33555

-0.327143, 3.41577

0.0517245, 4.0141

0.436176, 3.50905

0.73573, 2.46386

0.928033, 1.392

1.0176, 0.420308

1.01833, -0.369769

0.95261, -0.894319

0.849725, -1.11556

0.73733, -1.10423

0.633162, -0.967609

0.544346, -0.820732

0.462514, -0.867951

0.357869, -1.28405

0.196476, -1.95908

-0.0333613, -2.60657

-0.313838, -2.92647

-0.600221, -2.71353

-0.843246, -2.10936

-1.01848, -1.39235

-1.12245, -0.693228

-1.15844, -0.0312934

-1.12917, 0.617074

-1.03454, 1.27813

-0.873323, 1.94151

-0.649442, 2.50356

-0.383488, 2.74417

-0.11646, 2.52968

0.111476, 2.00177

0.28216, 1.42696

0.404419, 1.06897

0.506959, 1.02517

0.615113, 1.14601

0.735416, 1.24547

0.859735, 1.21145

0.970354, 0.957873

1.04246, 0.440699

1.05064, -0.310249

0.974421, -1.23536

0.799571, -2.27103

0.519592, -3.31453

0.14972, -3.94836

-0.232194, -3.52182

-0.534397, -2.49363

-0.727655, -1.37453

-0.812839, -0.358452

-0.810399, 0.333961

-0.762906, 0.53613

-0.714336, 0.406182

-0.684751, 0.180885

-0.678546, -0.0522442

-0.690813, -0.14643

