0.785398, 0.785398

0.761703, 1.12786

0.718194, 1.40088

0.659818, 1.58742

0.57602, 1.687

0.461604, 1.69383

0.32318, 1.59607

0.183949, 1.38144

0.086808, 1.03993

0.0917268, 0.5493

0.208434, -0.0875392

0.21652, -0.616573

0.0799024, -0.983899

-0.139726, -1.19836

-0.395018, -1.25476

-0.664304, -1.15819

-0.929326, -0.943582

-1.12208, -0.717721

-1.19751, -0.540658

-1.15776, -0.406237

-1.00519, -0.323776

-0.73471, -0.329567

-0.350351, -0.442849

0.0458248, -0.511882

0.361631, -0.40367

0.56909, -0.131155

0.636415, 0.27681

0.570412, 0.781149

0.502204, 1.22026

0.476836, 1.53447

0.461881, 1.74453

0.430101, 1.86183

0.367468, 1.88697

0.273702, 1.8141

0.164353, 1.63566

0.0730169, 1.34601

0.0512506, 0.933584

0.163789, 0.353879

0.321567, -0.300962

0.30065, -0.782143

0.144863, -1.11729

-0.0819836, -1.30481

-0.336271, -1.33386

-0.604319, -1.20421

-0.883174, -0.93507

-1.09924, -0.643231

-1.18688, -0.4153

-1.15156, -0.23869

-1.00042, -0.119236

-0.732855, -0.0968485

-0.338951, -0.224497

0.107872, -0.395142

0.464263, -0.382446

0.711984, -0.194451

0.83027, 0.12207

0.792208, 0.549965

0.634982, 1.04002

0.499834, 1.42102

0.39422, 1.67591

0.286498, 1.82251

0.158685, 1.86076

0.00968521, 1.78306

-0.141212, 1.58626

-0.253924, 1.27796

-0.274292, 0.862795

-0.132386, 0.294603

0.152531, -0.43186

0.259304, -0.960746

0.221717, -1.35102

0.105182, -1.63572

-0.0395615, -1.80874

-0.177053, -1.86487

-0.292322, -1.8085

-0.38957, -1.64628

-0.489231, -1.37579

-0.624536, -0.976383

-0.776621, -0.477266

-0.798802, -0.0553898

-0.666338, 0.251798

-0.408651, 0.425101

-0.0462886, 0.418859

0.39743, 0.238709

0.774646, 0.11856

1.02601, 0.141147

1.16273, 0.25267

1.1857, 0.41702

1.08787, 0.631499

0.86338, 0.910168

0.576804, 1.16676

0.303068, 1.28215

0.0476181, 1.23671

-0.172761, 1.03268

-0.312416, 0.681877

-0.308065, 0.18056

-0.146162, -0.472926

-0.0683476, -1.00576

-0.107761, -1.38289

-0.202407, -1.64047

-0.306234, -1.78815

-0.391037, -1.83253

-0.445892, -1.78099

-0.474842, -1.63763

-0.495278, -1.39882

-0.536329, -1.04954

-0.612505, -0.585739

-0.627466, -0.128479

-0.500726, 0.214165

-0.249589, 0.4163

0.0977149, 0.450358

0.496428, 0.351743

0.826544, 0.300113

1.0389, 0.354884

1.1364, 0.480837

1.11921, 0.65526

0.984781, 0.877335

0.759676, 1.11419

0.512152, 1.26523

0.269313, 1.27968

0.0438458, 1.14504

-0.130397, 0.860818

-0.197838, 0.427085

-0.114513, -0.168025

-0.0377145, -0.74108

-0.0884349, -1.15084

-0.214011, -1.42463

-0.362933, -1.57438

-0.502679, -1.60959

-0.619344, -1.54245

-0.712777, -1.3825

-0.788355, -1.13607

-0.836145, -0.826264

-0.810887, -0.517408

-0.676899, -0.266736

-0.432491, -0.106016

-0.09973, -0.0423674

0.252933, 0.000204575

0.538871, 0.129536

0.720885, 0.362525

0.790997, 0.671889

0.773917, 1.00692

0.722034, 1.29345

0.65577, 1.49642

0.568769, 1.61107

0.455358, 1.63234

0.320475, 1.54967

0.184818, 1.35149

0.0879597, 1.02806

0.0859738, 0.559505

0.193352, -0.0537216

0.209103, -0.576921

0.0840567, -0.941432

-0.124686, -1.15647

-0.371268, -1.21771

-0.633428, -1.12959

-0.892618, -0.924861

-1.08385, -0.705167

-1.16056, -0.533234

-1.12331, -0.405496

-0.974361, -0.330722

-0.709242, -0.342279

-0.336138, -0.451156

0.0441482, -0.508792

0.347143, -0.39682

0.544667, -0.126659

0.606491, 0.275456

0.543743, 0.767021

0.482019, 1.19127

0.460903, 1.49334

0.449614, 1.6918

0.42249, 1.79734

0.366963, 1.81097

0.284227, 1.72782

0.190939, 1.54095

0.120894, 1.24295

0.125267, 0.815562

0.25208, 0.223032

0.345954, -0.359248

0.273251, -0.778739

0.0862288, -1.05305

-0.161659, -1.17233

-0.44079, -1.12695

-0.743119, -0.924871

-1.01192, -0.662098

-1.16242, -0.460123

-1.19297, -0.312501

-1.11258, -0.208203

-0.921998, -0.16798

-0.611683, -0.239866

-0.191684, -0.427505

0.198094, -0.513065

0.494672, -0.408425

0.68205, -0.150068

0.729307, 0.231726

0.623869, 0.724376

0.487771, 1.1816

0.400716, 1.50474

0.332353, 1.7156

0.255094, 1.82549

0.156204, 1.83255

0.0389711, 1.73107

-0.0750162, 1.51906

-0.146376, 1.19924

-0.120859, 0.760894

0.0683269, 0.143031

0.274663, -0.505137

0.296311, -0.967177

0.195807, -1.30366

0.0324679, -1.52067

-0.148875, -1.60877

-0.325141, -1.56768

-0.496828, -1.40154

-0.681964, -1.10626

-0.872591, -0.706891

-0.961865, -0.34288

-0.908733, -0.0638151

-0.727416, 0.122795

-0.430296, 0.177548

-0.0217535, 0.0604382

0.406208, -0.0927001

0.725309, -0.0847197

0.92842, 0.0600763

1.00949, 0.295902

0.955581, 0.607964

0.775184, 0.984128

0.565253, 1.29992

0.370562, 1.48441

0.177015, 1.53736

-0.0174759, 1.45584

-0.190501, 1.24026

-0.29661, 0.90005

-0.275063, 0.428188

-0.0748563, -0.222252

0.0834015, -0.811081

0.0908674, -1.22729

0.0134137, -1.52455

-0.0977069, -1.71207

-0.207152, -1.78966

-0.297566, -1.76116

-0.369018, -1.63171

-0.436863, -1.40048

-0.529996, -1.05259

-0.66106, -0.584123

-0.71645, -0.135472

-0.622303, 0.199537

-0.400563, 0.406645

-0.0765738, 0.451353

0.328668, 0.324195

0.70451, 0.1932

0.961855, 0.188862

1.10472, 0.276239

1.13597, 0.420008

1.05039, 0.614232

0.844044, 0.868091

0.572573, 1.10741

0.309244, 1.21828

0.0654138, 1.17589

-0.142045, 0.981033

-0.270997, 0.642259

-0.263643, 0.153626

-0.121818, -0.468259

-0.0651135, -0.969536

-0.115277, -1.32123

-0.215668, -1.5524

-0.324258, -1.67224

-0.416686, -1.68806

-0.485343, -1.60723

-0.536785, -1.4325

-0.588733, -1.1582

-0.655533, -0.781074

-0.688138, -0.369451

-0.604314, -0.0330283

-0.396697, 0.189172

-0.0856465, 0.270802

0.290793, 0.228968

0.629909, 0.207109

0.863432, 0.291198

0.981993, 0.461134

0.982976, 0.692768

0.874445, 0.966851

0.705289, 1.21758

0.522618, 1.3738

0.333936, 1.41248

0.145369, 1.32323

-0.0185719, 1.10008

-0.112181, 0.74099

-0.0772384, 0.227243

0.0520203, -0.393695

0.0606781, -0.87211

-0.0432819, -1.20264

-0.202356, -1.40158

-0.375165, -1.47279

-0.540879, -1.42437

-0.695565, -1.26646

-0.837101, -1.01493

-0.930635, -0.72461

-0.922815, -0.468193

-0.797832, -0.276118

-0.558761, -0.173184

-0.220449, -0.17286

0.146322, -0.187915

0.445176, -0.0886006

0.63923, 0.139632

0.712711, 0.469944

0.681972, 0.856752

0.621184, 1.19967

0.565697, 1.44595

0.503305, 1.59668

0.420729, 1.65392

0.315656, 1.61254

0.200355, 1.46403

0.104377, 1.20043

0.0747873, 0.8088

0.162392, 0.25931

0.263709, -0.327192

0.213863, -0.757957

0.0504742, -1.04347

-0.173488, -1.18157

-0.425232, -1.16697

-0.693317, -1.00658

-0.943898, -0.760245

-1.09636, -0.545841

-1.13005, -0.386432

-1.05137, -0.275167

-0.861307, -0.230879

-0.553658, -0.293319

-0.156223, -0.437575

0.203971, -0.470484

0.474149, -0.330267

0.632209, -0.0459498

0.65017, 0.359806

0.549589, 0.842416

0.460557, 1.24136

0.408923, 1.51806

0.364313, 1.69116

0.30503, 1.76761

0.223281, 1.74524

0.126525, 1.61881

0.0392143, 1.38433

0.00279572, 1.03586

0.0754251, 0.543149

0.262852, -0.100224

0.322013, -0.617238

0.231772, -0.983692

0.0529591, -1.21688

-0.167047, -1.30692

-0.404318, -1.24822

-0.659189, -1.04146

-0.910679, -0.731785

-1.06269, -0.456468

-1.08648, -0.248016

-0.992345, -0.0978975

-0.78568, -0.028139

-0.46202, -0.0868404

-0.0371519, -0.271027

0.344216, -0.356404

0.623196, -0.264153

0.790441, -0.035967

0.824211, 0.297264

0.711779, 0.728489

0.542001, 1.14962

0.405386, 1.44373

0.284027, 1.61849

0.15644, 1.68163

0.0178638, 1.63007

-0.117111, 1.46157

-0.214377, 1.1806

-0.22473, 0.786645

-0.0833674, 0.234963

0.161522, -0.435903

0.241927, -0.924208

0.193728, -1.27745

0.0763066, -1.51988

-0.0657677, -1.64694

-0.204843, -1.65619

-0.333509, -1.55119

-0.463119, -1.33207

-0.618765, -0.986157

-0.785241, -0.542627

-0.838412, -0.157306

-0.747056, 0.128086

-0.532509, 0.300988

-0.21124, 0.320841

0.203912, 0.169501

0.593981, 0.0293538

0.866738, 0.0366869

1.02602, 0.151634

1.07058, 0.335708

0.991549, 0.581499

0.787998, 0.892462

0.535972, 1.16797

0.299212, 1.30844

0.0759354, 1.30332

-0.125169, 1.15377

-0.269746, 0.867658

-0.304297, 0.448228

-0.174611, -0.13495

-0.0171267, -0.731249

0.00432106, -1.15686

-0.0589591, -1.45489

-0.156052, -1.64164

-0.252683, -1.72075

-0.331827, -1.69689

-0.3929, -1.57452

-0.44989, -1.35214

-0.528892, -1.0167

-0.638117, -0.570142

-0.675863, -0.140807

-0.573644, 0.18004

-0.349147, 0.373346

-0.0259571, 0.408794

0.365903, 0.296177

0.712724, 0.205071

0.945386, 0.229724

1.06508, 0.338263

1.07186, 0.503307

0.96051, 0.722915

0.744976, 0.981696

0.498589, 1.17626

0.261886, 1.23807

0.0423144, 1.15534

-0.136659, 0.928634

-0.229442, 0.562225

-0.181798, 0.0417949

-0.0525588, -0.558254

-0.0374513, -1.00938

-0.115748, -1.32089

-0.23453, -1.51212

-0.356985, -1.59004

-0.464275, -1.5625

-0.553665, -1.43646

-0.634257, -1.21337

-0.714609, -0.896036

-0.761028, -0.535541

-0.705731, -0.223819

-0.531159, -0.003588

-0.249369, 0.0986851

0.10869, 0.089185

0.453201, 0.0859613

0.70588, 0.188164

0.846858, 0.388354

0.870812, 0.660647

0.794189, 0.970675

0.673537, 1.24141

0.542995, 1.42

0.401625, 1.49463

0.249048, 1.45766

0.0996237, 1.30062

-0.0131119, 1.01836

-0.0379656, 0.599973

0.0673853, 0.023395

0.152619, -0.536201

0.0971294, -0.936803

-0.0499364, -1.19918

-0.238747, -1.32622

-0.43894, -1.31959

-0.640464, -1.1868

-0.835909, -0.94905

-0.976468, -0.681674

-1.00785, -0.45786

-0.92226, -0.292391

-0.722607, -0.204065

-0.411826, -0.222109

-0.0327422, -0.302388

0.301973, -0.281565

0.541843, -0.111424

0.665172, 0.183618

0.659766, 0.577478

0.579359, 0.991612

0.511428, 1.31233

0.457376, 1.52618

0.396013, 1.64254

0.315492, 1.66236

0.217609, 1.58055

0.120073, 1.3908

0.0577589, 1.08642

0.0818941, 0.647246

0.221758, 0.0535084

0.290985, -0.478816

0.211201, -0.856315

0.0357079, -1.0956

-0.188881, -1.18972

-0.438017, -1.13329

-0.705441, -0.933721

-0.946222, -0.666835

-1.07802, -0.449318

-1.09043, -0.289704

-0.991127, -0.183404

-0.781006, -0.154352

-0.453573, -0.244131

-0.0499302, -0.404143

0.297194, -0.431357

0.549777, -0.290065

0.689231, -0.0147207

0.689508, 0.374372

0.56748, 0.841962

0.450654, 1.23042

0.370109, 1.49473

0.297626, 1.65215

0.214001, 1.70815

0.114957, 1.65981

0.012781, 1.50338

-0.0628189, 1.23776

-0.0660682, 0.855323

0.0633846, 0.313522

0.261222, -0.322382

0.296873, -0.790899

0.203658, -1.12342

0.0390702, -1.33118

-0.15447, -1.40572

-0.356452, -1.34409

-0.569941, -1.14547

-0.798658, -0.821148

-0.964766, -0.484041

-0.999688, -0.220835

-0.90936, -0.0285985

-0.704344, 0.0744661

-0.386344, 0.0433642

0.0319557, -0.128962

0.41441, -0.233354

0.690036, -0.170435

0.854509, 0.0190418

0.893449, 0.301645

0.792588, 0.672558

0.603019, 1.06902

0.428932, 1.35407

0.271536, 1.51207

0.113406, 1.54906

-0.0453837, 1.46323

-0.183395, 1.25577

-0.259982, 0.932889

-0.219959, 0.482483

-0.0145373, -0.142829

0.151047, -0.715789

0.165731, -1.1195

0.0910936, -1.40487

-0.0241661, -1.57975

-0.146489, -1.64185

-0.260257, -1.59286

-0.368077, -1.43526

-0.488861, -1.16272

-0.644469, -0.763401

-0.768289, -0.325914

-0.754599, 0.0189486

-0.607383, 0.258438

-0.349347, 0.368242

0.00700773, 0.310514

0.41788, 0.134972

0.74311, 0.0567984

0.952535, 0.105126

1.05137, 0.235584

1.03573, 0.425216

0.896324, 0.679761

0.654701, 0.975367

0.402646, 1.18206

0.169739, 1.24512

-0.042895, 1.16268

-0.213208, 0.940023

-0.297091, 0.584911

-0.238755, 0.0812039

-0.0700895, -0.531076

-0.00987221, -0.998233

-0.0500804, -1.32456

-0.137281, -1.53619

-0.233842, -1.63924

-0.318902, -1.63812

-0.388094, -1.53733

-0.451783, -1.33661

-0.532107, -1.02603

-0.636913, -0.608571

-0.679316, -0.196607

-0.589414, 0.116349

-0.378852, 0.309157

-0.0690691, 0.353763

0.310185, 0.258623

0.652536, 0.17873

0.885977, 0.211462

1.00738, 0.331228

1.01526, 0.512159

0.905688, 0.749615

0.702858, 1.01304

0.478947, 1.20006

0.262828, 1.25934

0.0602538, 1.18179

-0.106721, 0.966699

-0.19524, 0.616277

-0.152378, 0.115626

-0.0208957, -0.477651

0.00197907, -0.931502

-0.0736602, -1.24453

-0.195801, -1.43578

-0.327538, -1.51111

-0.44992, -1.47723

-0.560269, -1.34049

-0.666161, -1.10363

-0.763616, -0.783677

-0.798084, -0.456902

-0.719909, -0.193523

-0.526203, -0.0217875

-0.229517, 0.0343915

0.131146, 0.00179832

0.456426, 0.0163831

0.685511, 0.146226

0.802557, 0.373969

0.803176, 0.674232

0.716047, 0.999608

0.604351, 1.2641

0.489001, 1.43078

0.363844, 1.49466

0.228252, 1.44997

0.0967285, 1.28958

0.00187933, 1.00814

-0.00718236, 0.592525

0.105219, 0.0240175

0.18346, -0.514288

0.124002, -0.898203

-0.0253525, -1.14596

-0.217966, -1.25827

-0.426412, -1.23501

-0.642355, -1.08256

-0.850385, -0.832901

-0.985678, -0.581449

-1.00624, -0.383434

-0.912209, -0.244397

-0.706398, -0.184365

-0.390335, -0.23272

-0.0128071, -0.332585

0.312595, -0.317597

0.543647, -0.152347

0.659765, 0.136916

0.645742, 0.528063

0.550845, 0.948828

0.470974, 1.27562

0.410345, 1.49204

0.346916, 1.6085

0.268378, 1.62675

0.176465, 1.54276

0.0888263, 1.3515

0.0397787, 1.04674

0.0794054, 0.606821

0.229223, 0.0178891

0.297203, -0.495938

0.22095, -0.859052

0.0526704, -1.08794

-0.163656, -1.17552

-0.405305, -1.11562

-0.667786, -0.912859

-0.909001, -0.638375

-1.04303, -0.413695

-1.05744, -0.25034

-0.960584, -0.143057

-0.754262, -0.114687

-0.432502, -0.206069

-0.0337268, -0.373143

0.309459, -0.413732

0.55872, -0.289437

0.698309, -0.03464

0.703714, 0.329866

0.580724, 0.780769

0.447399, 1.17135

0.351132, 1.43663

0.266704, 1.59177

0.175427, 1.64299

0.0739275, 1.58819

-0.024345, 1.4248

-0.0888744, 1.15226

-0.0734873, 0.760235

0.0783974, 0.204231

0.260484, -0.400349

0.281858, -0.837344

0.186919, -1.14451

0.0286821, -1.32938

-0.155087, -1.38453

-0.347891, -1.30725

-0.555219, -1.09515

-0.778709, -0.761301

-0.934014, -0.425463

-0.958199, -0.166646

-0.859274, 0.0181724

-0.648157, 0.109124

-0.326497, 0.0624106

0.0867375, -0.116033

0.452382, -0.212949

0.711586, -0.150066

0.861258, 0.031434

0.888264, 0.301332

0.779206, 0.656976

0.582711, 1.03835

0.400642, 1.30968

0.236507, 1.45248

0.0753693, 1.47234

-0.0797608, 1.36892

-0.204778, 1.14524

-0.257743, 0.805668

-0.182333, 0.328005

0.0360632, -0.305554

0.153845, -0.815561

0.141157, -1.17469

0.0559414, -1.41968

-0.0592057, -1.55371

-0.177401, -1.57567

-0.289754, -1.48753

-0.404878, -1.28859

-0.545303, -0.96736

-0.705934, -0.54126

-0.773146, -0.155457

-0.70152, 0.130625

-0.510032, 0.307609

-0.21631, 0.342389

0.167336, 0.21432

0.545555, 0.064258

0.814942, 0.0453068

0.973477, 0.13306

1.02161, 0.291405

0.951806, 0.511484

0.760654, 0.798321

0.51187, 1.06798

0.277832, 1.21127

0.0627112, 1.2122

-0.125575, 1.07335

-0.256259, 0.801982

-0.28093, 0.398725

-0.155554, -0.15934

-0.0173505, -0.714125

-0.00137206, -1.10942

-0.0618827, -1.37949

-0.153497, -1.53865

-0.246836, -1.5908

-0.329119, -1.5399

-0.40334, -1.38809

-0.486155, -1.12992

-0.595889, -0.757539

-0.683651, -0.339048

-0.652539, 0.00118513

-0.495412, 0.233447

-0.232522, 0.334172

0.11733, 0.283365

0.487155, 0.16718

0.766905, 0.146692

0.935827, 0.230095

0.993771, 0.385499

0.936012, 0.600493

0.767316, 0.867104

0.547952, 1.10409

0.333394, 1.2264

0.130777, 1.216

-0.0484633, 1.07063

-0.172493, 0.792853

-0.192815, 0.378336

-0.0784577, -0.183514

0.0127723, -0.705885

-0.0130084, -1.07615

-0.10905, -1.32024

-0.232288, -1.44762

-0.356253, -1.46308

-0.471609, -1.37228

-0.58289, -1.17808

-0.69605, -0.885712

-0.776536, -0.54824

-0.757014, -0.256465

-0.620109, -0.0471846

-0.37479, 0.0555138

-0.0401057, 0.0402866

0.312801, -0.00478871

0.589529, 0.0492984

0.761289, 0.213584

0.818552, 0.463038

0.763761, 0.773823

0.644665, 1.0794

0.51776, 1.30042

0.389282, 1.41707

0.254254, 1.42561

0.119239, 1.3204

0.00794857, 1.09674

-0.0386801, 0.748022

0.0288221, 0.25085

0.154637, -0.324317

0.15612, -0.760635

0.0487662, -1.0575

-0.117619, -1.22397

-0.308348, -1.25876

-0.508645, -1.1643

-0.714716, -0.951457

-0.890567, -0.679676

-0.967728, -0.44368

-0.928678, -0.26738

-0.777591, -0.160842

-0.516579, -0.152276

-0.16108, -0.245079

0.193059, -0.303061

0.465509, -0.217841

0.634644, -0.000499365

0.681851, 0.324023

0.611182, 0.72687

0.50814, 1.09632

0.427444, 1.35692

0.354942, 1.51216

0.274497, 1.56736

0.182757, 1.52051

0.0917091, 1.3672

0.0297654, 1.10264

0.0412166, 0.712381

0.1676, 0.16798

0.278131, -0.377251

0.243421, -0.771049

0.105187, -1.03172

-0.0902302, -1.15758

-0.31447, -1.14159

-0.560352, -0.982811

-0.809918, -0.716402

-0.978849, -0.465907

-1.02783, -0.280943

-0.963745, -0.15381

-0.791192, -0.0982379

-0.506808, -0.151075

-0.125943, -0.30978

0.23147, -0.394623

0.499926, -0.316988

0.66584, -0.10365

0.707484, 0.219444

0.614534, 0.639812

0.472743, 1.0491

0.365468, 1.33868

0.277411, 1.51415

0.187901, 1.5847

0.09072, 1.54997

-0.00401903, 1.40752

-0.0694141, 1.15618

-0.0628958, 0.787035

0.0696649, 0.26118

0.250687, -0.33582

0.280996, -0.774111

0.193201, -1.08028

0.0389229, -1.26406

-0.145063, -1.31841

-0.342663, -1.23944

-0.558797, -1.02399

-0.786387, -0.69558

-0.93335, -0.383796

-0.951788, -0.148169

-0.851563, 0.0157857

-0.641786, 0.0873776

-0.322249, 0.0243174

0.0830391, -0.156661

0.435676, -0.244466

0.685173, -0.175548

0.827084, 0.0106985

0.846917, 0.287124

0.732005, 0.651272

0.539931, 1.03133

0.368139, 1.29699

0.215166, 1.43656

0.0661907, 1.45641

-0.0760041, 1.35675

-0.188751, 1.14017

-0.232351, 0.8092

-0.152663, 0.340466

0.061435, -0.279069

0.175286, -0.777832

0.160388, -1.12808

0.0724423, -1.3639

-0.0474436, -1.48767

-0.173881, -1.49768

-0.299681, -1.39475

-0.435426, -1.17564

-0.600928, -0.830458

-0.755666, -0.419347

-0.789942, -0.081866

-0.692733, 0.160482

-0.483128, 0.293357

-0.17324, 0.280576

0.218955, 0.121027

0.572758, -0.00306031

0.816162, 0.00888069

0.951285, 0.121174

0.974904, 0.303692

0.877248, 0.554144

0.666634, 0.86376

0.429643, 1.11497

0.213411, 1.23192

0.0151483, 1.21125

-0.154457, 1.05668

-0.263046, 0.775226

-0.262384, 0.363068

-0.115694, -0.201812

0.0163886, -0.733082

0.0276238, -1.10774

-0.0336668, -1.36088

-0.125013, -1.50414

-0.219651, -1.54023

-0.307273, -1.47207

-0.393346, -1.30001

-0.49644, -1.01614

-0.624953, -0.622748

-0.697695, -0.226902

-0.64214, 0.0765762

-0.467074, 0.27143

-0.191481, 0.331623

0.166551, 0.243731

0.524201, 0.123521

0.783179, 0.112906

0.932941, 0.202291

0.972795, 0.361541

0.8968, 0.582498

0.712145, 0.855516

0.487361, 1.08734

0.273841, 1.19792

0.0762178, 1.17481

-0.0930168, 1.01834

-0.201287, 0.732345

-0.200967, 0.310414

-0.0720726, -0.25093

0.0140378, -0.747926

-0.0108268, -1.09688

-0.0996503, -1.32376

-0.212812, -1.43698

-0.326873, -1.44058

-0.434954, -1.33871

-0.543864, -1.13193

-0.660866, -0.823847

-0.745457, -0.474606

-0.725675, -0.180469

-0.588165, 0.0257948

-0.344145, 0.12115

-0.0115712, 0.0920748

0.340679, 0.0243825

0.615348, 0.0536294

0.785403, 0.191515

0.843024, 0.41258

0.785878, 0.699113

0.649266, 1.00087

0.499068, 1.2268

0.351906, 1.34427

0.204522, 1.34854

0.0644047, 1.23544

-0.0434873, 1.00219

-0.0775379, 0.642438

0.0073074, 0.134291

0.126665, -0.4192

0.12181, -0.828367

0.0199137, -1.10349

-0.132486, -1.25326

-0.304266, -1.27777

-0.482989, -1.17968

-0.667809, -0.966236

-0.832474, -0.683144

-0.907709, -0.42649

-0.867404, -0.232546

-0.715264, -0.11317

-0.455698, -0.0946824

-0.106703, -0.177862

0.238705, -0.232415

0.501668, -0.153295

0.661686, 0.0496746

0.703311, 0.352314

0.630853, 0.727556

0.519717, 1.07535

0.42465, 1.31925

0.336521, 1.45752

0.242675, 1.49351

0.143187, 1.42471

0.053812, 1.24711

0.00656521, 0.955208

0.0478972, 0.529327

0.190588, -0.0336761

0.254908, -0.519792

0.187909, -0.861252

0.0369179, -1.07343

-0.158569, -1.15216

-0.378077, -1.09287

-0.617264, -0.899141

-0.841778, -0.628867

-0.969129, -0.398578

-0.979375, -0.231825

-0.879594, -0.126557

-0.672172, -0.104487

-0.355118, -0.197952

0.0206381, -0.343018

0.336803, -0.363324

0.56088, -0.233508

0.677101, 0.0168139

0.664893, 0.37078

0.541578, 0.794156

0.416842, 1.14729

0.323502, 1.38089

0.240063, 1.5065

0.152619, 1.52853

0.0622775, 1.4454

-0.0136745, 1.25498

-0.0420567, 0.95287

0.0253455, 0.51572

0.201101, -0.0645311

0.286143, -0.553402

0.235521, -0.897223

0.0995463, -1.11727

-0.0814877, -1.20907

-0.285661, -1.16613

-0.511907, -0.984692

-0.751337, -0.688174

-0.91754, -0.40134

-0.960758, -0.187604

-0.888926, -0.0402506

