0    0.146535    0.147001
1    0.146532    0.146999
2    0.146529    0.146996
3    0.146526    0.146993
4    0.146523    0.14699
5    0.146519    0.146986
6    0.146515    0.146982
7    0.146511    0.146977
8    0.146506    0.146972
9    0.1465    0.146967
10    0.146494    0.146961
11    0.146487    0.146954
12    0.14648    0.146947
13    0.146472    0.146939
14    0.146464    0.14693
15    0.146454    0.146921
16    0.146444    0.146911
17    0.146433    0.1469
18    0.146421    0.146888
19    0.146408    0.146875
20    0.146395    0.146862
21    0.14638    0.146847
22    0.146364    0.146831
23    0.146346    0.146813
24    0.146327    0.146795
25    0.146307    0.146774
26    0.146286    0.146753
27    0.146262    0.146729
28    0.146237    0.146704
29    0.14621    0.146678
30    0.146181    0.146649
31    0.14615    0.146617
32    0.146116    0.146584
33    0.146081    0.146548
34    0.146042    0.14651
35    0.146001    0.146469
36    0.145957    0.146425
37    0.14591    0.146378
38    0.14586    0.146328
39    0.145806    0.146275
40    0.145749    0.146218
41    0.145688    0.146157
42    0.145624    0.146093
43    0.145555    0.146024
44    0.145482    0.145951
45    0.145404    0.145874
46    0.145322    0.145792
47    0.145235    0.145705
48    0.145143    0.145613
49    0.145045    0.145516
50    0.144942    0.145413
51    0.144832    0.145304
52    0.144717    0.145189
53    0.144596    0.145068
54    0.144468    0.14494
55    0.144332    0.144805
56    0.14419    0.144663
57    0.144041    0.144514
58    0.143883    0.144357
59    0.143718    0.144193
60    0.143545    0.14402
61    0.143363    0.143838
62    0.143173    0.143648
63    0.142973    0.143449
64    0.142764    0.143241
65    0.142546    0.143023
66    0.142318    0.142796
67    0.14208    0.142558
68    0.141832    0.142311
69    0.141573    0.142052
70    0.141303    0.141784
71    0.141023    0.141504
72    0.140731    0.141213
73    0.140429    0.14091
74    0.140114    0.140597
75    0.139788    0.140271
76    0.13945    0.139933
77    0.139099    0.139584
78    0.138737    0.139222
79    0.138362    0.138847
80    0.137974    0.13846
81    0.137574    0.138061
82    0.137161    0.137648
83    0.136735    0.137223
84    0.136297    0.136785
85    0.135845    0.136333
86    0.13538    0.135869
87    0.134903    0.135392
88    0.134412    0.134901
89    0.133908    0.134398
90    0.133392    0.133882
91    0.132862    0.133352
92    0.13232    0.132811
93    0.131766    0.132256
94    0.131199    0.131689
95    0.130619    0.131109
96    0.130028    0.130518
97    0.129425    0.129914
98    0.12881    0.129299
99    0.128184    0.128672
100    0.127546    0.128035
101    0.126898    0.127386
102    0.12624    0.126726
103    0.125571    0.126057
104    0.124893    0.125377
105    0.124205    0.124689
106    0.123508    0.12399
107    0.122803    0.123284
108    0.122089    0.122569
109    0.121368    0.121846
110    0.120639    0.121116
111    0.119904    0.120379
112    0.119163    0.119635
113    0.118416    0.118886
114    0.117663    0.118132
115    0.116907    0.117372
116    0.116146    0.116609
117    0.115381    0.115842
118    0.114614    0.115072
119    0.113844    0.114299
120    0.113072    0.113525
121    0.1123    0.112749
122    0.111526    0.111972
123    0.110753    0.111196
124    0.109981    0.11042
125    0.109209    0.109645
126    0.108439    0.108871
127    0.107672    0.1081
128    0.106908    0.107332
129    0.106147    0.106568
130    0.10539    0.105807
131    0.104638    0.105051
132    0.10389    0.1043
133    0.103149    0.103554
134    0.102413    0.102815
135    0.101685    0.102082
136    0.100963    0.101356
137    0.100249    0.100638
138    0.0995434    0.0999286
139    0.0988461    0.0992272
140    0.0981576    0.0985348
141    0.0974785    0.0978518
142    0.0968091    0.0971785
143    0.0961498    0.0965153
144    0.0955008    0.0958626
145    0.0948626    0.0952206
146    0.0942354    0.0945898
147    0.0936196    0.0939704
148    0.0930153    0.0933626
149    0.0924227    0.0927667
150    0.0918422    0.0921829
151    0.0912739    0.0916113
152    0.0907179    0.0910523
153    0.0901743    0.0905058
154    0.0896434    0.089972
155    0.0891252    0.089451
156    0.0886198    0.088943
157    0.0881271    0.0884478
158    0.0876474    0.0879657
159    0.0871805    0.0874965
160    0.0867264    0.0870403
161    0.0862853    0.0865971
162    0.0858569    0.0861667
163    0.0854412    0.0857493
164    0.0850382    0.0853446
165    0.0846478    0.0849525
166    0.0842698    0.0845731
167    0.0839042    0.0842061
168    0.0835507    0.0838514
169    0.0832094    0.0835088
170    0.0828799    0.0831782
171    0.0825621    0.0828594
172    0.0822558    0.0825523
173    0.0819609    0.0822565
174    0.0816771    0.081972
175    0.0814042    0.0816984
176    0.0811421    0.0814356
177    0.0808903    0.0811833
178    0.0806488    0.0809413
179    0.0804173    0.0807094
180    0.0801954    0.0804872
181    0.0799831    0.0802746
182    0.07978    0.0800712
183    0.0795859    0.0798768
184    0.0794005    0.0796912
185    0.0792235    0.0795141
186    0.0790548    0.0793452
187    0.0788939    0.0791843
188    0.0787408    0.0790311
189    0.078595    0.0788853
190    0.0784565    0.0787467
191    0.0783248    0.078615
192    0.0781998    0.07849
193    0.0780813    0.0783715
194    0.0779689    0.0782591
195    0.0778625    0.0781527
196    0.0777618    0.0780521
197    0.0776665    0.0779569
198    0.0775765    0.0778669
199    0.0774916    0.077782
200    0.0774115    0.0777019
201    0.077336    0.0776265
202    0.0772649    0.0775554
203    0.077198    0.0774886
204    0.0771351    0.0774257
205    0.077076    0.0773667
206    0.0770207    0.0773114
207    0.0769688    0.0772595
208    0.0769202    0.077211
209    0.0768747    0.0771655
210    0.0768323    0.0771231
211    0.0767927    0.0770835
212    0.0767558    0.0770466
213    0.0767215    0.0770123
214    0.0766896    0.0769804
215    0.0766601    0.0769509
216    0.0766327    0.0769235
217    0.0766075    0.0768983
218    0.0765843    0.076875
219    0.0765629    0.0768536
220    0.0765433    0.076834
221    0.0765255    0.0768161
222    0.0765092    0.0767999
223    0.0764946    0.0767852
224    0.0764814    0.0767719
225    0.0764697    0.0767601
226    0.0764593    0.0767497
227    0.0764503    0.0767406
228    0.0764425    0.0767328
229    0.076436    0.0767261
230    0.0764306    0.0767207
231    0.0764265    0.0767165
232    0.0764234    0.0767133
233    0.0764215    0.0767113
234    0.0764206    0.0767103
235    0.0764208    0.0767104
236    0.0764221    0.0767116
237    0.0764245    0.0767139
238    0.076428    0.0767173
239    0.0764326    0.0767217
240    0.0764382    0.0767273
241    0.076445    0.0767339
242    0.076453    0.0767417
243    0.0764621    0.0767507
244    0.0764724    0.0767609
245    0.076484    0.0767723
246    0.0764968    0.076785
247    0.076511    0.0767991
248    0.0765266    0.0768145
249    0.0765437    0.0768314
250    0.0765623    0.0768498
251    0.0765825    0.0768698
252    0.0766043    0.0768915
253    0.0766279    0.0769149
254    0.0766533    0.0769401
255    0.0766807    0.0769673
256    0.07671    0.0769964
257    0.0767416    0.0770277
258    0.0767753    0.0770612
259    0.0768113    0.0770971
260    0.0768499    0.0771354
261    0.076891    0.0771763
262    0.0769349    0.0772199
263    0.0769815    0.0772663
264    0.0770312    0.0773158
265    0.0770841    0.0773683
266    0.0771402    0.0774242
267    0.0771998    0.0774835
268    0.077263    0.0775464
269    0.07733    0.0776131
270    0.0774009    0.0776838
271    0.077476    0.0777586
272    0.0775554    0.0778376
273    0.0776392    0.0779212
274    0.0777278    0.0780095
275    0.0778213    0.0781027
276    0.0779198    0.0782009
277    0.0780237    0.0783044
278    0.078133    0.0784134
279    0.078248    0.0785281
280    0.0783689    0.0786487
281    0.078496    0.0787755
282    0.0786293    0.0789085
283    0.0787692    0.0790482
284    0.0789159    0.0791946
285    0.0790696    0.0793479
286    0.0792304    0.0795085
287    0.0793987    0.0796765
288    0.0795746    0.0798522
289    0.0797583    0.0800357
290    0.07995    0.0802272
291    0.0801501    0.0804271
292    0.0803585    0.0806354
293    0.0805757    0.0808524
294    0.0808016    0.0810783
295    0.0810366    0.0813132
296    0.0812809    0.0815574
297    0.0815345    0.0818111
298    0.0817977    0.0820743
299    0.0820707    0.0823473
300    0.0823535    0.0826303
301    0.0826464    0.0829233
302    0.0829494    0.0832265
303    0.0832627    0.0835402
304    0.0835864    0.0838642
305    0.0839207    0.0841988
306    0.0842655    0.0845441
307    0.084621    0.0849001
308    0.0849872    0.0852669
309    0.0853643    0.0856446
310    0.0857522    0.0860332
311    0.0861509    0.0864327
312    0.0865605    0.0868431
313    0.086981    0.0872645
314    0.0874122    0.0876968
315    0.0878544    0.08814
316    0.0883072    0.088594
317    0.0887708    0.0890587
318    0.0892449    0.0895342
319    0.0897296    0.0900202
320    0.0902247    0.0905167
321    0.0907299    0.0910234
322    0.0912454    0.0915404
323    0.0917708    0.0920675
324    0.0923059    0.0926043
325    0.0928507    0.0931509
326    0.0934049    0.0937068
327    0.0939681    0.0942719
328    0.0945402    0.0948459
329    0.0951209    0.0954286
330    0.09571    0.0960197
331    0.0963072    0.0966191
332    0.0969123    0.0972263
333    0.0975249    0.097841
334    0.0981447    0.098463
335    0.0987713    0.0990919
336    0.0994044    0.0997272
337    0.100044    0.100369
338    0.100688    0.101016
339    0.101339    0.101668
340    0.101994    0.102326
341    0.102654    0.102988
342    0.103318    0.103655
343    0.103986    0.104325
344    0.104658    0.104999
345    0.105333    0.105676
346    0.10601    0.106355
347    0.106689    0.107037
348    0.10737    0.10772
349    0.108053    0.108405
350    0.108736    0.10909
351    0.10942    0.109776
352    0.110104    0.110462
353    0.110787    0.111148
354    0.11147    0.111832
355    0.112151    0.112516
356    0.112831    0.113197
357    0.113509    0.113877
358    0.114184    0.114554
359    0.114857    0.115228
360    0.115526    0.115899
361    0.116192    0.116566
362    0.116853    0.117229
363    0.117511    0.117888
364    0.118163    0.118542
365    0.118811    0.119191
366    0.119453    0.119834
367    0.120089    0.120471
368    0.120719    0.121102
369    0.121342    0.121727
370    0.121959    0.122345
371    0.122569    0.122955
372    0.123171    0.123558
373    0.123766    0.124154
374    0.124353    0.124742
375    0.124932    0.125321
376    0.125503    0.125892
377    0.126065    0.126455
378    0.126618    0.127008
379    0.127162    0.127553
380    0.127697    0.128089
381    0.128223    0.128615
382    0.12874    0.129131
383    0.129246    0.129638
384    0.129744    0.130136
385    0.130231    0.130623
386    0.130708    0.131101
387    0.131176    0.131568
388    0.131633    0.132025
389    0.13208    0.132472
390    0.132518    0.132909
391    0.132944    0.133336
392    0.133361    0.133753
393    0.133767    0.134159
394    0.134164    0.134555
395    0.13455    0.134941
396    0.134925    0.135316
397    0.135291    0.135681
398    0.135647    0.136037
399    0.135992    0.136382
400    0.136328    0.136717
401    0.136653    0.137042
402    0.136969    0.137358
403    0.137276    0.137664
404    0.137572    0.13796
405    0.13786    0.138247
406    0.138138    0.138525
407    0.138406    0.138793
408    0.138666    0.139052
409    0.138917    0.139303
410    0.139159    0.139545
411    0.139393    0.139778
412    0.139618    0.140003
413    0.139835    0.140219
414    0.140044    0.140428
415    0.140245    0.140629
416    0.140439    0.140822
417    0.140624    0.141007
418    0.140803    0.141185
419    0.140974    0.141356
420    0.141138    0.14152
421    0.141296    0.141677
422    0.141447    0.141827
423    0.141591    0.141972
424    0.141729    0.142109
425    0.141862    0.142241
426    0.141988    0.142367
427    0.142109    0.142488
428    0.142224    0.142603
429    0.142334    0.142712
430    0.142439    0.142817
431    0.142539    0.142916
432    0.142634    0.143011
433    0.142724    0.143102
434    0.142811    0.143188
435    0.142893    0.143269
436    0.142971    0.143347
437    0.143045    0.143421
438    0.143115    0.143491
439    0.143182    0.143557
440    0.143245    0.143621
441    0.143305    0.14368
442    0.143362    0.143737
443    0.143416    0.143791
444    0.143467    0.143841
445    0.143515    0.143889
446    0.143561    0.143935
447    0.143604    0.143978
448    0.143644    0.144018
449    0.143683    0.144057
450    0.143719    0.144093
451    0.143754    0.144127
452    0.143786    0.144159
453    0.143816    0.144189
454    0.143845    0.144218
455    0.143872    0.144245
456    0.143898    0.14427
457    0.143922    0.144294
458    0.143944    0.144316
459    0.143965    0.144337
460    0.143986    0.144357
461    0.144004    0.144376
462    0.144022    0.144393
463    0.144039    0.14441
464    0.144054    0.144425
465    0.144069    0.14444
466    0.144083    0.144454
467    0.144096    0.144467
468    0.144108    0.144479
469    0.14412    0.14449
470    0.144131    0.144501
471    0.144141    0.144511
472    0.144151    0.14452
473    0.14416    0.144529
474    0.144168    0.144538
475    0.144176    0.144546
476    0.144184    0.144553
477    0.144191    0.144561
478    0.144198    0.144567
479    0.144205    0.144574
480    0.144211    0.14458
481    0.144217    0.144586
482    0.144223    0.144591
483    0.144228    0.144596
484    0.144233    0.144601
485    0.144238    0.144606
486    0.144243    0.144611
487    0.144248    0.144615
488    0.144252    0.14462
489    0.144256    0.144624
490    0.144261    0.144628
491    0.144265    0.144632
492    0.144269    0.144636
493    0.144273    0.14464
494    0.144277    0.144644
495    0.144281    0.144648
496    0.144285    0.144651
497    0.144289    0.144655
498    0.144293    0.144659
499    0.144297    0.144663
500    0.144301    0.144667
501    0.144305    0.144671
502    0.144309    0.144675
503    0.144313    0.144679
504    0.144317    0.144683
505    0.144321    0.144687
506    0.144326    0.144691
507    0.14433    0.144695
508    0.144335    0.1447
509    0.144339    0.144704
510    0.144344    0.144709
511    0.144349    0.144714
512    0.144354    0.144719
513    0.14436    0.144724
514    0.144365    0.144729
515    0.144371    0.144735
516    0.144376    0.14474
517    0.144382    0.144746
518    0.144388    0.144752
519    0.144394    0.144758
520    0.144401    0.144764
521    0.144407    0.144771
522    0.144414    0.144778
523    0.144421    0.144784
524    0.144428    0.144791
525    0.144436    0.144799
526    0.144443    0.144806
527    0.144451    0.144814
528    0.144459    0.144821
529    0.144467    0.14483
530    0.144475    0.144838
531    0.144484    0.144846
532    0.144492    0.144855
533    0.144501    0.144864
534    0.14451    0.144873
535    0.14452    0.144882
536    0.144529    0.144891
537    0.144539    0.144901
538    0.144549    0.14491
539    0.144559    0.14492
540    0.144569    0.14493
541    0.144579    0.144941
542    0.14459    0.144951
543    0.144601    0.144961
544    0.144611    0.144972
545    0.144622    0.144983
546    0.144633    0.144994
547    0.144644    0.145005
548    0.144656    0.145016
549    0.144667    0.145028
550    0.144679    0.145039
551    0.14469    0.14505
552    0.144702    0.145062
553    0.144714    0.145073
554    0.144725    0.145085
555    0.144737    0.145096
556    0.144749    0.145108
557    0.14476    0.14512
558    0.144772    0.145131
559    0.144783    0.145142
560    0.144795    0.145154
561    0.144806    0.145165
562    0.144817    0.145176
563    0.144829    0.145187
564    0.14484    0.145198
565    0.14485    0.145209
566    0.144861    0.145219
567    0.144871    0.14523
568    0.144881    0.14524
569    0.144891    0.145249
570    0.1449    0.145259
571    0.144909    0.145268
572    0.144918    0.145276
573    0.144926    0.145285
574    0.144934    0.145292
575    0.144941    0.1453
576    0.144948    0.145307
577    0.144954    0.145313
578    0.14496    0.145319
579    0.144965    0.145324
580    0.14497    0.145329
581    0.144974    0.145333
582    0.144977    0.145337
583    0.14498    0.14534
584    0.144981    0.145342
585    0.144982    0.145343
586    0.144982    0.145343
587    0.144982    0.145344
588    0.14498    0.145342
589    0.144977    0.14534
590    0.144974    0.145338
591    0.144969    0.145334
592    0.144964    0.145329
593    0.144957    0.145324
594    0.14495    0.145318
595    0.144941    0.14531
596    0.144931    0.145301
597    0.14492    0.145292
598    0.144909    0.145282
599    0.144896    0.14527
600    0.144881    0.145258
601    0.144866    0.145244
602    0.144849    0.14523
603    0.144831    0.145214
604    0.144811    0.145197
605    0.144791    0.145179
606    0.14477    0.145161
607    0.144746    0.14514
608    0.144722    0.145119
609    0.144696    0.145097
610    0.14467    0.145074
611    0.144641    0.145049
612    0.144612    0.145024
613    0.144581    0.144998
614    0.144549    0.144971
615    0.144516    0.144943
616    0.144482    0.144914
617    0.144446    0.144885
618    0.144409    0.144853
619    0.144371    0.144822
620    0.144333    0.14479
621    0.144293    0.144757
622    0.144252    0.144723
623    0.14421    0.144689
624    0.144167    0.144654
625    0.144123    0.144619
626    0.144078    0.144582
627    0.144033    0.144546
628    0.143987    0.14451
629    0.143939    0.144472
630    0.143892    0.144434
631    0.143844    0.144397
632    0.143795    0.144359
633    0.143746    0.14432
634    0.143696    0.144283
635    0.143647    0.144245
636    0.143596    0.144206
637    0.143546    0.144168
638    0.143496    0.144131
639    0.143445    0.144093
640    0.143394    0.144055
641    0.143344    0.144019
642    0.143295    0.143983
643    0.143245    0.143946
644    0.143195    0.143911
645    0.143147    0.143876
646    0.143099    0.143843
647    0.143051    0.143808
648    0.143004    0.143776
649    0.142958    0.143744
650    0.142913    0.143713
651    0.142868    0.143682
652    0.142826    0.143654
653    0.142784    0.143625
654    0.142742    0.143597
655    0.142702    0.143571
656    0.142665    0.143546
657    0.142627    0.143522
658    0.142591    0.143498
659    0.142557    0.143476
660    0.142525    0.143456
661    0.142494    0.143436
662    0.142464    0.143418
663    0.142437    0.143401
664    0.142412    0.143385
665    0.142387    0.14337
666    0.142366    0.143357
667    0.142346    0.143346
668    0.142327    0.143334
669    0.142311    0.143325
670    0.142297    0.143318
671    0.142285    0.143312
672    0.142275    0.143306
673    0.142267    0.143302
674    0.142262    0.143301
675    0.142259    0.1433
676    0.142257    0.1433
677    0.142258    0.143302
678    0.142261    0.143305
679    0.142265    0.143309
680    0.142272    0.143315
681    0.142281    0.143322
682    0.142292    0.14333
683    0.142304    0.143339
684    0.14232    0.14335
685    0.142337    0.143362
686    0.142355    0.143375
687    0.142375    0.143389
688    0.142398    0.143405
689    0.142422    0.143422
690    0.142448    0.143439
691    0.142475    0.143459
692    0.142504    0.143478
693    0.142534    0.143499
694    0.142567    0.143521
695    0.142601    0.143545
696    0.142635    0.143568
697    0.142672    0.143593
698    0.14271    0.143619
699    0.142749    0.143646
700    0.142788    0.143673
701    0.14283    0.143702
702    0.142872    0.143731
703    0.142915    0.143761
704    0.142959    0.143791
705    0.143004    0.143823
706    0.143049    0.143854
707    0.143095    0.143887
708    0.143142    0.14392
709    0.143189    0.143954
710    0.143236    0.143987
711    0.143284    0.144021
712    0.143333    0.144057
713    0.143381    0.144091
714    0.143429    0.144126
715    0.143478    0.144162
716    0.143527    0.144198
717    0.143575    0.144233
718    0.143624    0.144269
719    0.143672    0.144305
720    0.14372    0.14434
721    0.143767    0.144376
722    0.143815    0.144412
723    0.143861    0.144447
724    0.143907    0.144481
725    0.143953    0.144517
726    0.143999    0.144552
727    0.144043    0.144585
728    0.144087    0.14462
729    0.144131    0.144654
730    0.144173    0.144687
731    0.144215    0.144719
732    0.144256    0.144752
733    0.144297    0.144784
734    0.144336    0.144815
735    0.144374    0.144845
736    0.144412    0.144875
737    0.144447    0.144904
738    0.144483    0.144932
739    0.144517    0.14496
740    0.14455    0.144987
741    0.144582    0.145013
742    0.144614    0.145038
743    0.144644    0.145063
744    0.144672    0.145086
745    0.144699    0.145108
746    0.144726    0.14513
747    0.144751    0.145151
748    0.144776    0.145171
749    0.1448    0.145192
750    0.144823    0.145211
751    0.144845    0.145229
752    0.144866    0.145246
753    0.144884    0.145262
754    0.144901    0.145275
755    0.144916    0.145288
756    0.144932    0.1453
757    0.144946    0.145312
758    0.14496    0.145324
759    0.144974    0.145336
760    0.144986    0.145345
761    0.144995    0.145353
762    0.145003    0.145359
763    0.145009    0.145363
764    0.145015    0.145367
765    0.14502    0.145371
766    0.145025    0.145375
767    0.14503    0.145378
768    0.145033    0.14538
769    0.145036    0.145382
770    0.145037    0.145382
771    0.145038    0.145382
772    0.145038    0.145381
773    0.145038    0.14538
774    0.145037    0.145378
775    0.145034    0.145375
776    0.145031    0.145371
777    0.145027    0.145366
778    0.145022    0.145361
779    0.145018    0.145356
780    0.145013    0.145351
781    0.145007    0.145344
782    0.145001    0.145337
783    0.144993    0.145329
784    0.144985    0.145321
785    0.144976    0.145312
786    0.144967    0.145302
787    0.144957    0.145292
788    0.144947    0.145281
789    0.144936    0.14527
790    0.144924    0.145258
791    0.144913    0.145246
792    0.144901    0.145235
793    0.14489    0.145223
794    0.144878    0.145211
795    0.144866    0.145198
796    0.144853    0.145186
797    0.144841    0.145174
798    0.144829    0.145161
799    0.144816    0.145149
800    0.144804    0.145136
801    0.144791    0.145123
802    0.144778    0.14511
803    0.144766    0.145097
804    0.144753    0.145085
805    0.144741    0.145072
806    0.144728    0.14506
807    0.144716    0.145047
808    0.144703    0.145034
809    0.144691    0.145022
810    0.144678    0.145009
811    0.144666    0.144996
812    0.144653    0.144984
813    0.14464    0.144971
814    0.144627    0.144958
815    0.144614    0.144945
816    0.144601    0.144932
817    0.144588    0.144919
818    0.144575    0.144905
819    0.144562    0.144892
820    0.144549    0.144879
821    0.144537    0.144866
822    0.144524    0.144854
823    0.144512    0.144841
824    0.144499    0.144829
825    0.144487    0.144817
826    0.144475    0.144805
827    0.144464    0.144793
828    0.144452    0.144782
829    0.144441    0.144771
830    0.14443    0.14476
831    0.14442    0.144749
832    0.14441    0.144739
833    0.1444    0.144729
834    0.14439    0.144719
835    0.144381    0.14471
836    0.144372    0.144701
837    0.144363    0.144692
838    0.144355    0.144684
839    0.144347    0.144675
840    0.144339    0.144667
841    0.144331    0.144659
842    0.144324    0.144652
843    0.144316    0.144644
844    0.144309    0.144637
845    0.144302    0.14463
846    0.144295    0.144623
847    0.144288    0.144616
848    0.144281    0.144608
849    0.144274    0.144601
850    0.144267    0.144594
851    0.14426    0.144587
852    0.144253    0.14458
853    0.144245    0.144573
854    0.144238    0.144565
855    0.144231    0.144558
856    0.144224    0.144551
857    0.144216    0.144543
858    0.144208    0.144535
859    0.144201    0.144528
860    0.144193    0.14452
861    0.144185    0.144512
862    0.144177    0.144503
863    0.144168    0.144495
864    0.14416    0.144487
865    0.144151    0.144478
866    0.144143    0.144469
867    0.144133    0.14446
868    0.144124    0.14445
869    0.144114    0.144441
870    0.144105    0.144431
871    0.144094    0.14442
872    0.144084    0.14441
873    0.144073    0.144399
874    0.144062    0.144388
875    0.14405    0.144376
876    0.144038    0.144364
877    0.144025    0.144351
878    0.144012    0.144338
879    0.143999    0.144324
880    0.143985    0.14431
881    0.14397    0.144295
882    0.143954    0.14428
883    0.143938    0.144264
884    0.143921    0.144247
885    0.143903    0.144229
886    0.143885    0.14421
887    0.143865    0.14419
888    0.143845    0.14417
889    0.143823    0.144148
890    0.1438    0.144126
891    0.143777    0.144102
892    0.143752    0.144077
893    0.143725    0.14405
894    0.143698    0.144023
895    0.143669    0.143994
896    0.143639    0.143964
897    0.143607    0.143932
898    0.143573    0.143898
899    0.143538    0.143863
900    0.143501    0.143826
901    0.143463    0.143788
902    0.143423    0.143747
903    0.14338    0.143705
904    0.143336    0.143661
905    0.14329    0.143615
906    0.143241    0.143566
907    0.14319    0.143515
908    0.143137    0.143462
909    0.143081    0.143406
910    0.143023    0.143348
911    0.142962    0.143288
912    0.142899    0.143224
913    0.142832    0.143158
914    0.142763    0.143089
915    0.142691    0.143017
916    0.142615    0.142941
917    0.142537    0.142863
918    0.142455    0.142781
919    0.142369    0.142696
920    0.142281    0.142607
921    0.142188    0.142515
922    0.142092    0.142419
923    0.141992    0.142319
924    0.141888    0.142216
925    0.14178    0.142108
926    0.141668    0.141997
927    0.141552    0.141881
928    0.141432    0.141761
929    0.141307    0.141636
930    0.141178    0.141507
931    0.141044    0.141374
932    0.140905    0.141235
933    0.140761    0.141092
934    0.140613    0.140944
935    0.140459    0.140791
936    0.1403    0.140633
937    0.140136    0.140469
938    0.139967    0.140301
939    0.139792    0.140126
940    0.139611    0.139946
941    0.139425    0.139761
942    0.139233    0.139569
943    0.139035    0.139372
944    0.138831    0.139169
945    0.138621    0.13896
946    0.138405    0.138745
947    0.138183    0.138523
948    0.137954    0.138296
949    0.137719    0.138062
950    0.137478    0.137822
951    0.137231    0.137575
952    0.136977    0.137322
953    0.136717    0.137063
954    0.13645    0.136797
955    0.136177    0.136525
956    0.135898    0.136247
957    0.135612    0.135962
958    0.135319    0.135671
959    0.135021    0.135373
960    0.134716    0.135069
961    0.134404    0.134758
962    0.134086    0.134441
963    0.133762    0.134118
964    0.133431    0.133788
965    0.133094    0.133452
966    0.132751    0.13311
967    0.132401    0.132762
968    0.132046    0.132407
969    0.131685    0.132047
970    0.131317    0.13168
971    0.130943    0.131307
972    0.130563    0.130928
973    0.130177    0.130543
974    0.129786    0.130152
975    0.129388    0.129756
976    0.128986    0.129354
977    0.128578    0.128947
978    0.128165    0.128534
979    0.127746    0.128116
980    0.127322    0.127693
981    0.126893    0.127264
982    0.126458    0.12683
983    0.126019    0.126391
984    0.125576    0.125948
985    0.125128    0.125501
986    0.124676    0.125049
987    0.12422    0.124593
988    0.12376    0.124133
989    0.123297    0.123669
990    0.12283    0.123203
991    0.12236    0.122733
992    0.121887    0.122259
993    0.121412    0.121783
994    0.120933    0.121304
995    0.120452    0.120822
996    0.119969    0.120339
997    0.119484    0.119853
998    0.118998    0.119366
999    0.118511    0.118878
