0   0.146563    0.146095
1   0.146563    0.146095
2   0.146563    0.146095
3   0.146563    0.146095
4   0.146563    0.146096
5   0.146564    0.146096
6   0.146564    0.146096
7   0.146564    0.146096
8   0.146565    0.146097
9   0.146565    0.146097
10   0.146565    0.146097
11   0.146566    0.146098
12   0.146566    0.146098
13   0.146567    0.146099
14   0.146567    0.146099
15   0.146568    0.1461
16   0.146568    0.1461
17   0.146569    0.146101
18   0.14657    0.146102
19   0.14657    0.146102
20   0.146571    0.146103
21   0.146572    0.146104
22   0.146573    0.146105
23   0.146574    0.146106
24   0.146575    0.146107
25   0.146576    0.146109
26   0.146578    0.14611
27   0.146579    0.146111
28   0.146581    0.146113
29   0.146582    0.146114
30   0.146584    0.146116
31   0.146586    0.146118
32   0.146588    0.14612
33   0.14659    0.146122
34   0.146592    0.146125
35   0.146595    0.146127
36   0.146598    0.14613
37   0.1466    0.146133
38   0.146603    0.146136
39   0.146607    0.146139
40   0.14661    0.146142
41   0.146614    0.146146
42   0.146618    0.14615
43   0.146622    0.146154
44   0.146626    0.146158
45   0.146631    0.146163
46   0.146636    0.146168
47   0.146641    0.146173
48   0.146647    0.146179
49   0.146653    0.146185
50   0.146659    0.146191
51   0.146666    0.146197
52   0.146673    0.146204
53   0.14668    0.146211
54   0.146688    0.146219
55   0.146696    0.146227
56   0.146705    0.146236
57   0.146714    0.146245
58   0.146723    0.146254
59   0.146733    0.146264
60   0.146744    0.146274
61   0.146755    0.146285
62   0.146766    0.146296
63   0.146779    0.146308
64   0.146791    0.14632
65   0.146805    0.146333
66   0.146818    0.146346
67   0.146833    0.146361
68   0.146848    0.146375
69   0.146864    0.14639
70   0.14688    0.146406
71   0.146897    0.146423
72   0.146915    0.14644
73   0.146933    0.146457
74   0.146952    0.146476
75   0.146972    0.146495
76   0.146993    0.146514
77   0.147014    0.146535
78   0.147036    0.146556
79   0.147059    0.146577
80   0.147082    0.1466
81   0.147107    0.146623
82   0.147132    0.146647
83   0.147158    0.146671
84   0.147184    0.146697
85   0.147212    0.146723
86   0.14724    0.146749
87   0.147269    0.146777
88   0.147299    0.146805
89   0.14733    0.146834
90   0.147361    0.146863
91   0.147393    0.146894
92   0.147426    0.146925
93   0.14746    0.146956
94   0.147494    0.146988
95   0.147529    0.147022
96   0.147565    0.147055
97   0.147602    0.14709
98   0.147639    0.147124
99   0.147677    0.14716
100   0.147716    0.147196
101   0.147755    0.147233
102   0.147795    0.14727
103   0.147836    0.147308
104   0.147877    0.147347
105   0.147919    0.147386
106   0.147961    0.147425
107   0.148004    0.147465
108   0.148047    0.147506
109   0.148091    0.147547
110   0.148135    0.147588
111   0.14818    0.14763
112   0.148225    0.147672
113   0.14827    0.147714
114   0.148316    0.147757
115   0.148362    0.1478
116   0.148408    0.147843
117   0.148454    0.147887
118   0.148501    0.14793
119   0.148547    0.147974
120   0.148594    0.148018
121   0.148641    0.148062
122   0.148688    0.148106
123   0.148735    0.148151
124   0.148781    0.148195
125   0.148828    0.148239
126   0.148875    0.148283
127   0.148921    0.148327
128   0.148967    0.148371
129   0.149013    0.148415
130   0.149059    0.148458
131   0.149104    0.148502
132   0.14915    0.148545
133   0.149194    0.148588
134   0.149239    0.14863
135   0.149283    0.148673
136   0.149326    0.148714
137   0.149369    0.148756
138   0.149412    0.148797
139   0.149454    0.148837
140   0.149496    0.148878
141   0.149537    0.148917
142   0.149577    0.148956
143   0.149617    0.148995
144   0.149656    0.149033
145   0.149694    0.14907
146   0.149732    0.149107
147   0.149769    0.149143
148   0.149805    0.149179
149   0.149841    0.149214
150   0.149876    0.149248
151   0.14991    0.149282
152   0.149943    0.149315
153   0.149976    0.149347
154   0.150008    0.149378
155   0.150039    0.149409
156   0.150069    0.149439
157   0.150099    0.149468
158   0.150127    0.149497
159   0.150155    0.149525
160   0.150183    0.149552
161   0.150209    0.149578
162   0.150235    0.149604
163   0.15026    0.149628
164   0.150284    0.149652
165   0.150307    0.149676
166   0.15033    0.149698
167   0.150351    0.14972
168   0.150372    0.149741
169   0.150393    0.149762
170   0.150412    0.149782
171   0.150431    0.149801
172   0.15045    0.149819
173   0.150467    0.149837
174   0.150484    0.149854
175   0.1505    0.14987
176   0.150516    0.149886
177   0.150531    0.149901
178   0.150545    0.149916
179   0.150559    0.14993
180   0.150572    0.149943
181   0.150585    0.149956
182   0.150597    0.149968
183   0.150608    0.14998
184   0.150619    0.149991
185   0.15063    0.150002
186   0.15064    0.150012
187   0.150649    0.150022
188   0.150658    0.150031
189   0.150667    0.15004
190   0.150675    0.150048
191   0.150683    0.150056
192   0.15069    0.150064
193   0.150697    0.150071
194   0.150704    0.150078
195   0.15071    0.150084
196   0.150716    0.150091
197   0.150722    0.150096
198   0.150727    0.150102
199   0.150732    0.150107
200   0.150737    0.150112
201   0.150741    0.150117
202   0.150745    0.150121
203   0.150749    0.150125
204   0.150753    0.150129
205   0.150756    0.150133
206   0.15076    0.150136
207   0.150763    0.150139
208   0.150766    0.150142
209   0.150768    0.150145
210   0.150771    0.150148
211   0.150773    0.150151
212   0.150775    0.150153
213   0.150777    0.150155
214   0.150779    0.150157
215   0.150781    0.150159
216   0.150782    0.150161
217   0.150784    0.150163
218   0.150785    0.150164
219   0.150786    0.150165
220   0.150787    0.150167
221   0.150788    0.150168
222   0.150789    0.150169
223   0.15079    0.15017
224   0.150791    0.150171
225   0.150792    0.150172
226   0.150792    0.150173
227   0.150793    0.150174
228   0.150793    0.150174
229   0.150793    0.150175
230   0.150794    0.150175
231   0.150794    0.150176
232   0.150794    0.150176
233   0.150794    0.150176
234   0.150794    0.150176
235   0.150794    0.150177
236   0.150794    0.150177
237   0.150794    0.150177
238   0.150793    0.150177
239   0.150793    0.150177
240   0.150792    0.150176
241   0.150792    0.150176
242   0.150791    0.150176
243   0.150791    0.150175
244   0.15079    0.150175
245   0.150789    0.150174
246   0.150788    0.150174
247   0.150788    0.150173
248   0.150786    0.150172
249   0.150785    0.150171
250   0.150784    0.15017
251   0.150783    0.150169
252   0.150781    0.150168
253   0.15078    0.150167
254   0.150778    0.150165
255   0.150776    0.150164
256   0.150774    0.150162
257   0.150772    0.15016
258   0.15077    0.150158
259   0.150768    0.150156
260   0.150765    0.150154
261   0.150763    0.150152
262   0.15076    0.150149
263   0.150757    0.150146
264   0.150754    0.150143
265   0.15075    0.15014
266   0.150747    0.150137
267   0.150743    0.150133
268   0.150739    0.150129
269   0.150734    0.150125
270   0.15073    0.150121
271   0.150725    0.150116
272   0.15072    0.150111
273   0.150715    0.150106
274   0.150709    0.150101
275   0.150703    0.150095
276   0.150697    0.150089
277   0.15069    0.150083
278   0.150683    0.150076
279   0.150676    0.150069
280   0.150668    0.150061
281   0.15066    0.150054
282   0.150652    0.150045
283   0.150643    0.150037
284   0.150633    0.150028
285   0.150624    0.150018
286   0.150613    0.150008
287   0.150603    0.149998
288   0.150592    0.149987
289   0.15058    0.149975
290   0.150568    0.149964
291   0.150555    0.149951
292   0.150542    0.149938
293   0.150528    0.149925
294   0.150514    0.149911
295   0.150499    0.149896
296   0.150484    0.149881
297   0.150468    0.149866
298   0.150452    0.149849
299   0.150434    0.149833
300   0.150417    0.149815
301   0.150398    0.149797
302   0.150379    0.149779
303   0.15036    0.149759
304   0.150339    0.149739
305   0.150319    0.149719
306   0.150297    0.149698
307   0.150275    0.149676
308   0.150252    0.149654
309   0.150228    0.149631
310   0.150204    0.149607
311   0.150179    0.149583
312   0.150154    0.149558
313   0.150128    0.149532
314   0.150101    0.149506
315   0.150073    0.149479
316   0.150045    0.149452
317   0.150016    0.149424
318   0.149987    0.149396
319   0.149957    0.149366
320   0.149926    0.149337
321   0.149895    0.149306
322   0.149863    0.149276
323   0.149831    0.149244
324   0.149798    0.149212
325   0.149764    0.14918
326   0.14973    0.149147
327   0.149695    0.149114
328   0.14966    0.14908
329   0.149624    0.149046
330   0.149587    0.149011
331   0.149551    0.148976
332   0.149513    0.148941
333   0.149476    0.148905
334   0.149438    0.148869
335   0.149399    0.148832
336   0.14936    0.148795
337   0.149321    0.148758
338   0.149282    0.148721
339   0.149242    0.148684
340   0.149202    0.148646
341   0.149161    0.148608
342   0.149121    0.14857
343   0.14908    0.148532
344   0.149039    0.148494
345   0.148998    0.148455
346   0.148956    0.148417
347   0.148915    0.148378
348   0.148874    0.14834
349   0.148832    0.148301
350   0.148791    0.148263
351   0.148749    0.148224
352   0.148708    0.148186
353   0.148666    0.148148
354   0.148625    0.14811
355   0.148583    0.148072
356   0.148542    0.148034
357   0.148501    0.147996
358   0.148461    0.147959
359   0.14842    0.147922
360   0.14838    0.147885
361   0.148339    0.147848
362   0.1483    0.147812
363   0.14826    0.147776
364   0.148221    0.14774
365   0.148182    0.147704
366   0.148143    0.147669
367   0.148105    0.147634
368   0.148068    0.1476
369   0.14803    0.147566
370   0.147993    0.147532
371   0.147957    0.147499
372   0.147921    0.147467
373   0.147886    0.147434
374   0.147851    0.147402
375   0.147816    0.147371
376   0.147782    0.14734
377   0.147749    0.14731
378   0.147716    0.14728
379   0.147684    0.14725
380   0.147652    0.147222
381   0.147621    0.147193
382   0.14759    0.147165
383   0.14756    0.147138
384   0.147531    0.147111
385   0.147502    0.147085
386   0.147474    0.147059
387   0.147447    0.147034
388   0.14742    0.147009
389   0.147393    0.146985
390   0.147368    0.146961
391   0.147343    0.146938
392   0.147318    0.146916
393   0.147295    0.146894
394   0.147271    0.146873
395   0.147249    0.146852
396   0.147227    0.146832
397   0.147206    0.146812
398   0.147185    0.146793
399   0.147165    0.146774
400   0.147145    0.146756
401   0.147127    0.146738
402   0.147108    0.146721
403   0.147091    0.146705
404   0.147073    0.146689
405   0.147057    0.146673
406   0.147041    0.146658
407   0.147025    0.146644
408   0.14701    0.14663
409   0.146996    0.146616
410   0.146982    0.146603
411   0.146969    0.14659
412   0.146956    0.146578
413   0.146943    0.146566
414   0.146931    0.146555
415   0.14692    0.146544
416   0.146909    0.146534
417   0.146898    0.146524
418   0.146888    0.146514
419   0.146878    0.146505
420   0.146869    0.146496
421   0.14686    0.146487
422   0.146852    0.146479
423   0.146844    0.146471
424   0.146836    0.146464
425   0.146828    0.146457
426   0.146821    0.14645
427   0.146814    0.146443
428   0.146808    0.146437
429   0.146802    0.146431
430   0.146796    0.146425
431   0.14679    0.14642
432   0.146785    0.146415
433   0.14678    0.14641
434   0.146775    0.146405
435   0.14677    0.146401
436   0.146766    0.146397
437   0.146762    0.146393
438   0.146758    0.146389
439   0.146754    0.146386
440   0.146751    0.146382
441   0.146748    0.146379
442   0.146744    0.146376
443   0.146741    0.146373
444   0.146739    0.146371
445   0.146736    0.146368
446   0.146733    0.146366
447   0.146731    0.146363
448   0.146729    0.146361
449   0.146727    0.146359
450   0.146725    0.146357
451   0.146723    0.146356
452   0.146721    0.146354
453   0.146719    0.146352
454   0.146718    0.146351
455   0.146716    0.14635
456   0.146715    0.146348
457   0.146714    0.146347
458   0.146712    0.146346
459   0.146711    0.146345
460   0.14671    0.146344
461   0.146709    0.146343
462   0.146708    0.146342
463   0.146707    0.146342
464   0.146707    0.146341
465   0.146706    0.14634
466   0.146705    0.146339
467   0.146704    0.146339
468   0.146704    0.146338
469   0.146703    0.146338
470   0.146702    0.146337
471   0.146702    0.146337
472   0.146701    0.146337
473   0.146701    0.146336
474   0.1467    0.146336
475   0.1467    0.146335
476   0.146699    0.146335
477   0.146699    0.146335
478   0.146699    0.146335
479   0.146698    0.146334
480   0.146698    0.146334
481   0.146698    0.146334
482   0.146697    0.146334
483   0.146697    0.146334
484   0.146697    0.146333
485   0.146696    0.146333
486   0.146696    0.146333
487   0.146696    0.146333
488   0.146695    0.146333
489   0.146695    0.146332
490   0.146695    0.146332
491   0.146695    0.146332
492   0.146694    0.146332
493   0.146694    0.146332
494   0.146694    0.146332
495   0.146693    0.146331
496   0.146693    0.146331
497   0.146693    0.146331
498   0.146693    0.146331
499   0.146692    0.146331
500   0.146692    0.14633
501   0.146692    0.14633
502   0.146691    0.14633
503   0.146691    0.14633
504   0.14669    0.146329
505   0.14669    0.146329
506   0.14669    0.146329
507   0.146689    0.146329
508   0.146689    0.146328
509   0.146688    0.146328
510   0.146688    0.146328
511   0.146687    0.146327
512   0.146687    0.146327
513   0.146686    0.146326
514   0.146686    0.146326
515   0.146685    0.146325
516   0.146684    0.146325
517   0.146684    0.146324
518   0.146683    0.146324
519   0.146682    0.146323
520   0.146682    0.146322
521   0.146681    0.146321
522   0.14668    0.146321
523   0.146679    0.14632
524   0.146678    0.146319
525   0.146677    0.146318
526   0.146676    0.146317
527   0.146675    0.146316
528   0.146674    0.146315
529   0.146673    0.146314
530   0.146671    0.146313
531   0.14667    0.146312
532   0.146669    0.14631
533   0.146667    0.146309
534   0.146666    0.146307
535   0.146664    0.146306
536   0.146662    0.146304
537   0.14666    0.146302
538   0.146658    0.146301
539   0.146656    0.146299
540   0.146654    0.146297
541   0.146652    0.146294
542   0.14665    0.146292
543   0.146647    0.14629
544   0.146644    0.146287
545   0.146641    0.146284
546   0.146638    0.146282
547   0.146635    0.146278
548   0.146632    0.146275
549   0.146629    0.146272
550   0.146625    0.146269
551   0.146621    0.146265
552   0.146617    0.146261
553   0.146613    0.146257
554   0.146608    0.146252
555   0.146604    0.146247
556   0.146599    0.146243
557   0.146594    0.146238
558   0.146588    0.146232
559   0.146582    0.146226
560   0.146576    0.14622
561   0.14657    0.146214
562   0.146563    0.146207
563   0.146556    0.1462
564   0.146548    0.146193
565   0.146541    0.146185
566   0.146532    0.146177
567   0.146523    0.146168
568   0.146515    0.146159
569   0.146505    0.146149
570   0.146495    0.146139
571   0.146484    0.146129
572   0.146473    0.146118
573   0.146462    0.146106
574   0.146449    0.146094
575   0.146437    0.146081
576   0.146424    0.146068
577   0.14641    0.146054
578   0.146395    0.146039
579   0.14638    0.146023
580   0.146365    0.146007
581   0.146348    0.145991
582   0.146331    0.145973
583   0.146313    0.145955
584   0.146294    0.145936
585   0.146274    0.145915
586   0.146254    0.145894
587   0.146233    0.145873
588   0.146211    0.14585
589   0.146188    0.145826
590   0.146164    0.145802
591   0.146139    0.145776
592   0.146113    0.145749
593   0.146087    0.145722
594   0.146059    0.145693
595   0.146031    0.145664
596   0.146001    0.145632
597   0.14597    0.1456
598   0.145939    0.145567
599   0.145906    0.145533
600   0.145872    0.145497
601   0.145838    0.14546
602   0.145802    0.145423
603   0.145765    0.145383
604   0.145727    0.145342
605   0.145688    0.145301
606   0.145648    0.145258
607   0.145606    0.145213
608   0.145564    0.145167
609   0.145521    0.145121
610   0.145476    0.145073
611   0.14543    0.145023
612   0.145384    0.144972
613   0.145336    0.14492
614   0.145287    0.144866
615   0.145237    0.144811
616   0.145187    0.144755
617   0.145136    0.144698
618   0.145083    0.144639
619   0.145029    0.144579
620   0.144976    0.144519
621   0.144921    0.144457
622   0.144864    0.144393
623   0.144808    0.144329
624   0.144751    0.144264
625   0.144693    0.144198
626   0.144634    0.14413
627   0.144576    0.144063
628   0.144516    0.143994
629   0.144456    0.143923
630   0.144395    0.143853
631   0.144335    0.143782
632   0.144274    0.14371
633   0.144212    0.143637
634   0.144151    0.143564
635   0.14409    0.143491
636   0.144028    0.143417
637   0.143967    0.143344
638   0.143906    0.14327
639   0.143845    0.143196
640   0.143784    0.143122
641   0.143725    0.143049
642   0.143665    0.142976
643   0.143606    0.142902
644   0.143547    0.14283
645   0.14349    0.142758
646   0.143433    0.142688
647   0.143377    0.142617
648   0.143322    0.142548
649   0.143268    0.14248
650   0.143215    0.142412
651   0.143163    0.142346
652   0.143113    0.142282
653   0.143064    0.142219
654   0.143016    0.142157
655   0.14297    0.142097
656   0.142926    0.14204
657   0.142882    0.141984
658   0.14284    0.141929
659   0.142801    0.141877
660   0.142763    0.141827
661   0.142726    0.141779
662   0.142692    0.141734
663   0.14266    0.141691
664   0.14263    0.141651
665   0.142601    0.141613
666   0.142575    0.141578
667   0.142552    0.141546
668   0.142529    0.141516
669   0.142509    0.141489
670   0.142493    0.141466
671   0.142477    0.141445
672   0.142464    0.141427
673   0.142453    0.141412
674   0.142446    0.141401
675   0.142439    0.141392
676   0.142435    0.141386
677   0.142434    0.141384
678   0.142435    0.141384
679   0.142438    0.141387
680   0.142443    0.141394
681   0.142451    0.141404
682   0.14246    0.141416
683   0.142472    0.141431
684   0.142487    0.14145
685   0.142503    0.141471
686   0.142521    0.141494
687   0.142541    0.141521
688   0.142564    0.14155
689   0.142587    0.141582
690   0.142613    0.141616
691   0.142642    0.141653
692   0.142671    0.141692
693   0.142703    0.141733
694   0.142736    0.141777
695   0.142772    0.141823
696   0.142807    0.14187
697   0.142845    0.141919
698   0.142886    0.141972
699   0.142927    0.142025
700   0.142968    0.142079
701   0.143012    0.142136
702   0.143058    0.142194
703   0.143103    0.142253
704   0.14315    0.142314
705   0.143199    0.142376
706   0.143248    0.142439
707   0.143298    0.142503
708   0.143349    0.142568
709   0.143401    0.142633
710   0.143453    0.142699
711   0.143506    0.142766
712   0.14356    0.142833
713   0.143614    0.142901
714   0.143668    0.142968
715   0.143723    0.143037
716   0.143778    0.143105
717   0.143833    0.143173
718   0.143889    0.143241
719   0.143944    0.14331
720   0.144    0.143378
721   0.144055    0.143445
722   0.144111    0.143513
723   0.144167    0.14358
724   0.144222    0.143646
725   0.144277    0.143713
726   0.144332    0.143779
727   0.144386    0.143843
728   0.144441    0.143908
729   0.144495    0.143972
730   0.144548    0.144035
731   0.144601    0.144097
732   0.144654    0.144158
733   0.144707    0.144219
734   0.144758    0.144279
735   0.144809    0.144338
736   0.14486    0.144396
737   0.144909    0.144453
738   0.144958    0.144509
739   0.145007    0.144564
740   0.145055    0.144619
741   0.145102    0.144672
742   0.145149    0.144725
743   0.145195    0.144776
744   0.14524    0.144826
745   0.145284    0.144875
746   0.145327    0.144923
747   0.145369    0.14497
748   0.145411    0.145016
749   0.145452    0.145062
750   0.145493    0.145106
751   0.145533    0.14515
752   0.145572    0.145192
753   0.145609    0.145232
754   0.145644    0.145271
755   0.145679    0.145309
756   0.145714    0.145346
757   0.145748    0.145383
758   0.145783    0.14542
759   0.145817    0.145457
760   0.14585    0.145491
761   0.14588    0.145524
762   0.14591    0.145555
763   0.145938    0.145585
764   0.145965    0.145614
765   0.145992    0.145643
766   0.14602    0.145672
767   0.146046    0.1457
768   0.146072    0.145727
769   0.146097    0.145753
770   0.146121    0.145777
771   0.146143    0.145801
772   0.146166    0.145825
773   0.146188    0.145848
774   0.146208    0.145869
775   0.146228    0.145889
776   0.146247    0.145909
777   0.146265    0.145928
778   0.146283    0.145946
779   0.146301    0.145965
780   0.146319    0.145983
781   0.146335    0.146
782   0.146351    0.146017
783   0.146366    0.146032
784   0.146381    0.146047
785   0.146395    0.146062
786   0.146409    0.146076
787   0.146422    0.14609
788   0.146434    0.146102
789   0.146446    0.146114
790   0.146457    0.146126
791   0.146468    0.146137
792   0.14648    0.146149
793   0.14649    0.146159
794   0.1465    0.14617
795   0.14651    0.146179
796   0.146519    0.146189
797   0.146528    0.146198
798   0.146536    0.146206
799   0.146544    0.146215
800   0.146552    0.146223
801   0.146559    0.14623
802   0.146565    0.146236
803   0.146572    0.146243
804   0.146578    0.14625
805   0.146584    0.146256
806   0.14659    0.146262
807   0.146595    0.146267
808   0.1466    0.146272
809   0.146606    0.146278
810   0.14661    0.146283
811   0.146615    0.146288
812   0.14662    0.146292
813   0.146624    0.146296
814   0.146628    0.1463
815   0.146631    0.146304
816   0.146635    0.146308
817   0.146638    0.146312
818   0.146642    0.146315
819   0.146645    0.146318
820   0.146647    0.146321
821   0.14665    0.146324
822   0.146653    0.146327
823   0.146656    0.14633
824   0.146658    0.146332
825   0.146661    0.146335
826   0.146663    0.146337
827   0.146665    0.14634
828   0.146667    0.146342
829   0.146669    0.146344
830   0.146671    0.146346
831   0.146673    0.146348
832   0.146674    0.146349
833   0.146676    0.146351
834   0.146677    0.146353
835   0.146679    0.146354
836   0.14668    0.146355
837   0.146681    0.146357
838   0.146682    0.146358
839   0.146684    0.146359
840   0.146685    0.14636
841   0.146686    0.146362
842   0.146687    0.146363
843   0.146688    0.146364
844   0.146689    0.146365
845   0.146689    0.146366
846   0.14669    0.146367
847   0.146691    0.146368
848   0.146692    0.146368
849   0.146693    0.146369
850   0.146693    0.14637
851   0.146694    0.146371
852   0.146695    0.146372
853   0.146695    0.146372
854   0.146696    0.146373
855   0.146697    0.146374
856   0.146697    0.146375
857   0.146698    0.146375
858   0.146699    0.146376
859   0.146699    0.146377
860   0.1467    0.146378
861   0.146701    0.146379
862   0.146701    0.146379
863   0.146702    0.14638
864   0.146703    0.146381
865   0.146704    0.146382
866   0.146704    0.146382
867   0.146705    0.146383
868   0.146706    0.146384
869   0.146706    0.146385
870   0.146707    0.146386
871   0.146708    0.146386
872   0.146709    0.146387
873   0.146709    0.146388
874   0.14671    0.146389
875   0.146711    0.14639
876   0.146712    0.146391
877   0.146713    0.146392
878   0.146714    0.146393
879   0.146715    0.146394
880   0.146716    0.146395
881   0.146717    0.146396
882   0.146718    0.146397
883   0.146719    0.146399
884   0.14672    0.1464
885   0.146721    0.146401
886   0.146723    0.146403
887   0.146724    0.146404
888   0.146726    0.146405
889   0.146727    0.146407
890   0.146729    0.146409
891   0.14673    0.14641
892   0.146732    0.146412
893   0.146734    0.146414
894   0.146736    0.146416
895   0.146738    0.146418
896   0.14674    0.14642
897   0.146742    0.146422
898   0.146744    0.146425
899   0.146747    0.146427
900   0.146749    0.14643
901   0.146752    0.146432
902   0.146754    0.146435
903   0.146757    0.146438
904   0.14676    0.146441
905   0.146763    0.146444
906   0.146767    0.146448
907   0.14677    0.146451
908   0.146774    0.146455
909   0.146777    0.146458
910   0.146781    0.146462
911   0.146785    0.146466
912   0.14679    0.146471
913   0.146794    0.146475
914   0.146799    0.14648
915   0.146804    0.146484
916   0.146809    0.146489
917   0.146814    0.146495
918   0.146819    0.1465
919   0.146825    0.146505
920   0.146831    0.146511
921   0.146837    0.146517
922   0.146844    0.146523
923   0.14685    0.14653
924   0.146857    0.146536
925   0.146864    0.146543
926   0.146872    0.14655
927   0.146879    0.146558
928   0.146887    0.146565
929   0.146896    0.146573
930   0.146904    0.146581
931   0.146913    0.14659
932   0.146922    0.146598
933   0.146931    0.146607
934   0.146941    0.146616
935   0.146951    0.146626
936   0.146962    0.146635
937   0.146972    0.146645
938   0.146983    0.146656
939   0.146995    0.146666
940   0.147007    0.146677
941   0.147019    0.146689
942   0.147031    0.1467
943   0.147044    0.146712
944   0.147057    0.146724
945   0.147071    0.146737
946   0.147085    0.14675
947   0.147099    0.146763
948   0.147114    0.146776
949   0.147129    0.14679
950   0.147145    0.146804
951   0.147161    0.146819
952   0.147177    0.146834
953   0.147194    0.146849
954   0.147211    0.146865
955   0.147228    0.146881
956   0.147246    0.146897
957   0.147265    0.146914
958   0.147283    0.146931
959   0.147302    0.146948
960   0.147322    0.146966
961   0.147342    0.146983
962   0.147362    0.147002
963   0.147383    0.14702
964   0.147404    0.14704
965   0.147425    0.147059
966   0.147447    0.147079
967   0.147469    0.147099
968   0.147491    0.147119
969   0.147514    0.147139
970   0.147537    0.14716
971   0.147561    0.147182
972   0.147585    0.147204
973   0.147609    0.147226
974   0.147633    0.147248
975   0.147658    0.147271
976   0.147684    0.147294
977   0.147709    0.147317
978   0.147735    0.147341
979   0.147761    0.147364
980   0.147787    0.147389
981   0.147814    0.147413
982   0.147841    0.147438
983   0.147868    0.147463
984   0.147896    0.147489
985   0.147924    0.147515
986   0.147952    0.147541
987   0.14798    0.147567
988   0.148009    0.147593
989   0.148037    0.14762
990   0.148066    0.147647
991   0.148095    0.147674
992   0.148124    0.147701
993   0.148153    0.147729
994   0.148183    0.147757
995   0.148212    0.147785
996   0.148242    0.147813
997   0.148272    0.147841
998   0.148301    0.14787
999   0.148331    0.147898
