0  0.382656   7.40369e-10
1  0.382652   1.47362e-09
2  0.382647   2.20067e-09
3  0.382642   2.91809e-09
4  0.382637   3.62492e-09
5  0.38263   4.31942e-09
6  0.382623   4.99855e-09
7  0.382614   5.65995e-09
8  0.382605   6.29974e-09
9  0.382594   6.9149e-09
10  0.382583   7.50207e-09
11  0.38257   8.05494e-09
12  0.382556   8.56788e-09
13  0.38254   9.03502e-09
14  0.382523   9.4495e-09
15  0.382505   9.80387e-09
16  0.382485   1.00872e-08
17  0.382463   1.02892e-08
18  0.38244   1.04009e-08
19  0.382415   1.04092e-08
20  0.382388   1.02999e-08
21  0.382359   1.00559e-08
22  0.382328   9.65934e-09
23  0.382295   9.09353e-09
24  0.382259   8.33496e-09
25  0.382221   7.35562e-09
26  0.38218   6.12753e-09
27  0.382136   4.61915e-09
28  0.382089   2.79765e-09
29  0.382039   6.22466e-10
30  0.381985   1.95478e-09
31  0.381927   4.97897e-09
32  0.381865   8.50009e-09
33  0.381799   1.25758e-08
34  0.381728   1.72689e-08
35  0.381652   2.2652e-08
36  0.381571   2.87946e-08
37  0.381484   3.57706e-08
38  0.381392   4.36713e-08
39  0.381293   5.25895e-08
40  0.381187   6.26249e-08
41  0.381074   7.38824e-08
42  0.380954   8.64671e-08
43  0.380826   1.00507e-07
44  0.38069   1.16135e-07
45  0.380546   1.33478e-07
46  0.380393   1.5268e-07
47  0.38023   1.73888e-07
48  0.380057   1.97262e-07
49  0.379875   2.22981e-07
50  0.379682   2.51203e-07
51  0.379477   2.82108e-07
52  0.379262   3.15894e-07
53  0.379034   3.52747e-07
54  0.378794   3.92878e-07
55  0.378541   4.36482e-07
56  0.378274   4.83754e-07
57  0.377994   5.34926e-07
58  0.377699   5.90197e-07
59  0.377389   6.4977e-07
60  0.377064   7.1386e-07
61  0.376723   7.82647e-07
62  0.376365   8.56345e-07
63  0.375991   9.35148e-07
64  0.375599   1.0192e-06
65  0.375189   1.1087e-06
66  0.374761   1.20379e-06
67  0.374314   1.3046e-06
68  0.373848   1.41128e-06
69  0.373362   1.52391e-06
70  0.372856   1.64257e-06
71  0.372329   1.76737e-06
72  0.371782   1.8983e-06
73  0.371214   2.03542e-06
74  0.370623   2.17871e-06
75  0.370011   2.32811e-06
76  0.369377   2.4836e-06
77  0.368719   2.64508e-06
78  0.368039   2.81238e-06
79  0.367336   2.98542e-06
80  0.366609   3.16392e-06
81  0.365859   3.34769e-06
82  0.365085   3.53648e-06
83  0.364286   3.72988e-06
84  0.363464   3.92761e-06
85  0.362617   4.12924e-06
86  0.361745   4.33427e-06
87  0.360849   4.54228e-06
88  0.359929   4.75267e-06
89  0.358984   4.96484e-06
90  0.358015   5.17826e-06
91  0.357022   5.39216e-06
92  0.356004   5.6059e-06
93  0.354963   5.8188e-06
94  0.353898   6.02999e-06
95  0.35281   6.23883e-06
96  0.351699   6.44446e-06
97  0.350566   6.64604e-06
98  0.34941   6.84286e-06
99  0.348233   7.03403e-06
100  0.347035   7.21872e-06
101  0.345816   7.39623e-06
102  0.344577   7.56563e-06
103  0.343319   7.72622e-06
104  0.342042   7.87728e-06
105  0.340748   8.01793e-06
106  0.339436   8.14762e-06
107  0.338108   8.26561e-06
108  0.336764   8.37119e-06
109  0.335406   8.46394e-06
110  0.334034   8.54313e-06
111  0.332649   8.60833e-06
112  0.331252   8.65919e-06
113  0.329844   8.69515e-06
114  0.328426   8.71604e-06
115  0.327   8.72163e-06
116  0.325565   8.7116e-06
117  0.324123   8.68607e-06
118  0.322676   8.64493e-06
119  0.321224   8.5882e-06
120  0.319769   8.51624e-06
121  0.318311   8.4291e-06
122  0.316852   8.3272e-06
123  0.315393   8.21103e-06
124  0.313935   8.08088e-06
125  0.312479   7.9375e-06
126  0.311026   7.78146e-06
127  0.309578   7.61334e-06
128  0.308135   7.43408e-06
129  0.306698   7.24433e-06
130  0.305269   7.04491e-06
131  0.303849   6.83682e-06
132  0.302438   6.62077e-06
133  0.301038   6.39776e-06
134  0.299649   6.16876e-06
135  0.298272   5.93452e-06
136  0.296909   5.69613e-06
137  0.29556   5.45444e-06
138  0.294227   5.21027e-06
139  0.292909   4.96468e-06
140  0.291608   4.71841e-06
141  0.290324   4.4723e-06
142  0.289058   4.22731e-06
143  0.287811   3.98404e-06
144  0.286584   3.74337e-06
145  0.285376   3.50603e-06
146  0.28419   3.27256e-06
147  0.283024   3.04375e-06
148  0.28188   2.82009e-06
149  0.280758   2.60209e-06
150  0.279659   2.39033e-06
151  0.278582   2.18513e-06
152  0.277529   1.98689e-06
153  0.276499   1.79599e-06
154  0.275492   1.61257e-06
155  0.27451   1.43692e-06
156  0.273552   1.26917e-06
157  0.272617   1.10935e-06
158  0.271707   9.57595e-07
159  0.270821   8.13845e-07
160  0.26996   6.7803e-07
161  0.269122   5.50138e-07
162  0.268309   4.29953e-07
163  0.26752   3.1735e-07
164  0.266755   2.12171e-07
165  0.266013   1.14123e-07
166  0.265295   2.30344e-08
167  0.2646   6.13668e-08
168  0.263928   1.39391e-07
169  0.263279   2.11256e-07
170  0.262653   2.773e-07
171  0.262048   3.37823e-07
172  0.261466   3.93082e-07
173  0.260904   4.43436e-07
174  0.260364   4.89156e-07
175  0.259845   5.30536e-07
176  0.259346   5.67914e-07
177  0.258867   6.0154e-07
178  0.258407   6.31716e-07
179  0.257966   6.58735e-07
180  0.257543   6.82835e-07
181  0.257139   7.04301e-07
182  0.256752   7.23373e-07
183  0.256382   7.40266e-07
184  0.256029   7.55231e-07
185  0.255691   7.6846e-07
186  0.25537   7.80149e-07
187  0.255063   7.90494e-07
188  0.254771   7.99643e-07
189  0.254493   8.07766e-07
190  0.254229   8.1501e-07
191  0.253978   8.21488e-07
192  0.253739   8.27326e-07
193  0.253513   8.32622e-07
194  0.253298   8.37465e-07
195  0.253095   8.41952e-07
196  0.252902   8.46141e-07
197  0.25272   8.50098e-07
198  0.252548   8.53881e-07
199  0.252385   8.57536e-07
200  0.252232   8.61106e-07
201  0.252087   8.64623e-07
202  0.251951   8.68106e-07
203  0.251822   8.71588e-07
204  0.251702   8.75094e-07
205  0.251588   8.78641e-07
206  0.251482   8.82242e-07
207  0.251382   8.85895e-07
208  0.251288   8.89608e-07
209  0.2512   8.93384e-07
210  0.251118   8.97223e-07
211  0.251041   9.01123e-07
212  0.25097   9.05095e-07
213  0.250903   9.09148e-07
214  0.250841   9.13292e-07
215  0.250783   9.17514e-07
216  0.250729   9.2179e-07
217  0.25068   9.26106e-07
218  0.250634   9.30455e-07
219  0.250591   9.34848e-07
220  0.250552   9.39288e-07
221  0.250516   9.43773e-07
222  0.250483   9.48299e-07
223  0.250453   9.52858e-07
224  0.250425   9.57438e-07
225  0.2504   9.62027e-07
226  0.250378   9.66624e-07
227  0.250357   9.71232e-07
228  0.25034   9.75852e-07
229  0.250324   9.80476e-07
230  0.25031   9.85092e-07
231  0.250298   9.89691e-07
232  0.250289   9.94271e-07
233  0.250281   9.98842e-07
234  0.250275   1.0034e-06
235  0.25027   1.00793e-06
236  0.250268   1.01243e-06
237  0.250267   1.0169e-06
238  0.250267   1.02133e-06
239  0.25027   1.02572e-06
240  0.250273   1.03008e-06
241  0.250279   1.03439e-06
242  0.250286   1.03864e-06
243  0.250295   1.04284e-06
244  0.250306   1.04698e-06
245  0.250318   1.05105e-06
246  0.250333   1.05505e-06
247  0.250349   1.05899e-06
248  0.250367   1.06285e-06
249  0.250387   1.06662e-06
250  0.250408   1.0703e-06
251  0.250432   1.07388e-06
252  0.250459   1.07737e-06
253  0.250487   1.08078e-06
254  0.250518   1.08409e-06
255  0.250551   1.08726e-06
256  0.250587   1.09028e-06
257  0.250626   1.0932e-06
258  0.250667   1.09605e-06
259  0.250712   1.09879e-06
260  0.25076   1.10137e-06
261  0.25081   1.1038e-06
262  0.250865   1.10606e-06
263  0.250923   1.10821e-06
264  0.250985   1.11036e-06
265  0.251051   1.11243e-06
266  0.251121   1.11431e-06
267  0.251195   1.11602e-06
268  0.251274   1.11766e-06
269  0.251358   1.11926e-06
270  0.251446   1.12094e-06
271  0.25154   1.12273e-06
272  0.25164   1.12446e-06
273  0.251745   1.12607e-06
274  0.251856   1.12776e-06
275  0.251973   1.12968e-06
276  0.252096   1.1319e-06
277  0.252227   1.13461e-06
278  0.252364   1.13775e-06
279  0.252508   1.14107e-06
280  0.25266   1.14471e-06
281  0.25282   1.14903e-06
282  0.252987   1.15414e-06
283  0.253163   1.16036e-06
284  0.253348   1.16799e-06
285  0.253541   1.17675e-06
286  0.253744   1.18638e-06
287  0.253956   1.19725e-06
288  0.254177   1.20965e-06
289  0.254409   1.22394e-06
290  0.25465   1.24094e-06
291  0.254903   1.26094e-06
292  0.255165   1.28337e-06
293  0.255439   1.30803e-06
294  0.255725   1.3351e-06
295  0.256021   1.3647e-06
296  0.25633   1.39787e-06
297  0.25665   1.43618e-06
298  0.256982   1.47983e-06
299  0.257327   1.52814e-06
300  0.257685   1.58069e-06
301  0.258055   1.6366e-06
302  0.258438   1.69574e-06
303  0.258834   1.76029e-06
304  0.259244   1.83252e-06
305  0.259667   1.91301e-06
306  0.260103   2.00166e-06
307  0.260553   2.09694e-06
308  0.261017   2.1959e-06
309  0.261495   2.29812e-06
310  0.261986   2.4062e-06
311  0.262491   2.52291e-06
312  0.263011   2.6508e-06
313  0.263544   2.79105e-06
314  0.264091   2.94031e-06
315  0.264651   3.09375e-06
316  0.265226   3.24962e-06
317  0.265814   3.4086e-06
318  0.266416   3.5738e-06
319  0.267032   3.75077e-06
320  0.267661   3.9419e-06
321  0.268303   4.14378e-06
322  0.268958   4.35171e-06
323  0.269626   4.56127e-06
324  0.270306   4.76949e-06
325  0.270999   4.97903e-06
326  0.271704   5.19555e-06
327  0.272421   5.42124e-06
328  0.273149   5.65562e-06
329  0.273888   5.89657e-06
330  0.274639   6.13925e-06
331  0.2754   6.38127e-06
332  0.276171   6.62524e-06
333  0.276952   6.87292e-06
334  0.277743   7.12398e-06
335  0.278542   7.37752e-06
336  0.27935   7.62937e-06
337  0.280166   7.87484e-06
338  0.28099   8.11431e-06
339  0.281821   8.34952e-06
340  0.282659   8.58036e-06
341  0.283503   8.80732e-06
342  0.284353   9.0291e-06
343  0.285209   9.2424e-06
344  0.286069   9.44787e-06
345  0.286934   9.64828e-06
346  0.287802   9.84315e-06
347  0.288674   1.00308e-05
348  0.289548   1.0208e-05
349  0.290425   1.03694e-05
350  0.291304   1.05133e-05
351  0.292184   1.06437e-05
352  0.293065   1.07634e-05
353  0.293946   1.08745e-05
354  0.294827   1.09777e-05
355  0.295707   1.10696e-05
356  0.296586   1.11463e-05
357  0.297463   1.12074e-05
358  0.298338   1.12519e-05
359  0.29921   1.12791e-05
360  0.30008   1.12911e-05
361  0.300946   1.12896e-05
362  0.301808   1.12752e-05
363  0.302666   1.12491e-05
364  0.303519   1.12096e-05
365  0.304366   1.11522e-05
366  0.305209   1.10752e-05
367  0.306045   1.09797e-05
368  0.306875   1.08683e-05
369  0.307698   1.0746e-05
370  0.308515   1.06156e-05
371  0.309324   1.04745e-05
372  0.310126   1.03185e-05
373  0.31092   1.01446e-05
374  0.311706   9.9518e-06
375  0.312483   9.74614e-06
376  0.313252   9.53619e-06
377  0.314012   9.32496e-06
378  0.314764   9.10839e-06
379  0.315506   8.87812e-06
380  0.316239   8.62837e-06
381  0.316963   8.36492e-06
382  0.317677   8.10197e-06
383  0.318381   7.84778e-06
384  0.319076   7.59707e-06
385  0.319761   7.3359e-06
386  0.320436   7.05543e-06
387  0.321102   6.76423e-06
388  0.321757   6.48183e-06
389  0.322403   6.21758e-06
390  0.323038   5.96081e-06
391  0.323664   5.69259e-06
392  0.32428   5.40647e-06
393  0.324886   5.11821e-06
394  0.325482   4.85014e-06
395  0.326069   4.6054e-06
396  0.326646   4.36429e-06
397  0.327214   4.10743e-06
398  0.327772   3.83867e-06
399  0.328321   3.58236e-06
400  0.32886   3.35585e-06
401  0.329391   3.14798e-06
402  0.329913   2.93222e-06
403  0.330426   2.69951e-06
404  0.330931   2.4698e-06
405  0.331427   2.26851e-06
406  0.331915   2.09535e-06
407  0.332395   1.92363e-06
408  0.332867   1.73372e-06
409  0.333332   1.53879e-06
410  0.333789   1.36826e-06
411  0.334239   1.23001e-06
412  0.334682   1.09984e-06
413  0.335118   9.52281e-07
414  0.335548   7.94268e-07
415  0.335971   6.56542e-07
416  0.336388   5.52407e-07
417  0.3368   4.59325e-07
418  0.337206   3.49019e-07
419  0.337606   2.25624e-07
420  0.338001   1.20146e-07
421  0.338391   4.77653e-08
422  0.338776   1.3857e-08
423  0.339157   9.39485e-08
424  0.339533   1.87738e-07
425  0.339906   2.63401e-07
426  0.340274   3.07476e-07
427  0.340639   3.44459e-07
428  0.341001   4.0215e-07
429  0.341359   4.71807e-07
430  0.341714   5.21028e-07
431  0.342066   5.4135e-07
432  0.342415   5.61128e-07
433  0.342762   6.04022e-07
434  0.343106   6.54086e-07
435  0.343448   6.80068e-07
436  0.343788   6.82398e-07
437  0.344126   6.92726e-07
438  0.344461   7.26694e-07
439  0.344795   7.59936e-07
440  0.345126   7.65847e-07
441  0.345455   7.57036e-07
442  0.345783   7.65361e-07
443  0.346109   7.93451e-07
444  0.346433   8.10536e-07
445  0.346755   8.00695e-07
446  0.347076   7.88856e-07
447  0.347394   8.00571e-07
448  0.34771   8.224e-07
449  0.348023   8.23349e-07
450  0.348335   8.04461e-07
451  0.348644   7.98085e-07
452  0.34895   8.14601e-07
453  0.349254   8.26739e-07
454  0.349555   8.13723e-07
455  0.349854   7.95502e-07
456  0.35015   8.00547e-07
457  0.350443   8.1792e-07
458  0.350732   8.16763e-07
459  0.351018   7.96899e-07
460  0.351301   7.89916e-07
461  0.35158   8.05917e-07
462  0.351855   8.16268e-07
463  0.352126   8.03013e-07
464  0.352393   7.88589e-07
465  0.352656   7.98648e-07
466  0.352915   8.1709e-07
467  0.35317   8.14613e-07
468  0.353421   7.99174e-07
469  0.353668   8.02314e-07
470  0.35391   8.24604e-07
471  0.354148   8.33962e-07
472  0.354382   8.22985e-07
473  0.354611   8.21314e-07
474  0.354835   8.44195e-07
475  0.355056   8.64574e-07
476  0.355271   8.61911e-07
477  0.355482   8.58929e-07
478  0.355688   8.81143e-07
479  0.35589   9.10998e-07
480  0.356087   9.19137e-07
481  0.35628   9.18533e-07
482  0.356469   9.40689e-07
483  0.356654   9.78792e-07
484  0.356834   9.99306e-07
485  0.357011   1.00457e-06
486  0.357183   1.02858e-06
487  0.357351   1.07472e-06
488  0.357515   1.10881e-06
489  0.357675   1.12322e-06
490  0.357831   1.15192e-06
491  0.357982   1.20722e-06
492  0.35813   1.25638e-06
493  0.358273   1.28327e-06
494  0.358411   1.32029e-06
495  0.358546   1.38735e-06
496  0.358676   1.45402e-06
497  0.358802   1.49719e-06
498  0.358924   1.5471e-06
499  0.359042   1.63015e-06
500  0.359156   1.71821e-06
501  0.359265   1.78244e-06
502  0.359371   1.85106e-06
503  0.359473   1.95619e-06
504  0.35957   2.07147e-06
505  0.359664   2.16305e-06
506  0.359753   2.25797e-06
507  0.359839   2.3935e-06
508  0.359921   2.54424e-06
509  0.359998   2.67169e-06
510  0.360072   2.80286e-06
511  0.360141   2.98001e-06
512  0.360206   3.17742e-06
513  0.360268   3.35218e-06
514  0.360325   3.53277e-06
515  0.360379   3.76647e-06
516  0.360428   4.02573e-06
517  0.360474   4.26334e-06
518  0.360516   4.51116e-06
519  0.360555   4.82136e-06
520  0.36059   5.16244e-06
521  0.360621   5.48296e-06
522  0.360649   5.82056e-06
523  0.360674   6.23234e-06
524  0.360696   6.68105e-06
525  0.360714   7.1122e-06
526  0.36073   7.57233e-06
527  0.360742   8.12238e-06
528  0.360752   8.71504e-06
529  0.360758   9.29205e-06
530  0.360761   9.91058e-06
531  0.360762   1.06342e-05
532  0.360759   1.14053e-05
533  0.360753   1.21692e-05
534  0.360744   1.30028e-05
535  0.360732   1.39713e-05
536  0.360717   1.49987e-05
537  0.360698   1.60271e-05
538  0.360676   1.7143e-05
539  0.36065   1.8401e-05
540  0.360621   1.97078e-05
541  0.360588   2.10266e-05
542  0.360551   2.2484e-05
543  0.36051   2.41386e-05
544  0.360465   2.58788e-05
545  0.360415   2.76711e-05
546  0.360361   2.96391e-05
547  0.360303   3.17961e-05
548  0.360239   3.40012e-05
549  0.360171   3.62644e-05
550  0.360097   3.87636e-05
551  0.360019   4.15115e-05
552  0.359934   4.43616e-05
553  0.359843   4.73483e-05
554  0.359746   5.06346e-05
555  0.359643   5.41656e-05
556  0.359532   5.77883e-05
557  0.359415   6.16129e-05
558  0.35929   6.58307e-05
559  0.359156   7.03358e-05
560  0.359014   7.49603e-05
561  0.358863   7.98434e-05
562  0.358703   8.51434e-05
563  0.358532   9.07132e-05
564  0.358352   9.64644e-05
565  0.35816   0.000102639
566  0.357957   0.000109349
567  0.357741   0.000116348
568  0.357513   0.000123568
569  0.357271   0.0001313
570  0.357015   0.000139612
571  0.356743   0.000148256
572  0.356456   0.000157271
573  0.356153   0.000166944
574  0.355831   0.000177177
575  0.355492   0.000187691
576  0.355134   0.000198684
577  0.354755   0.000210492
578  0.354356   0.000222928
579  0.353934   0.000235725
580  0.353489   0.00024915
581  0.353021   0.000263439
582  0.352527   0.000278311
583  0.352007   0.000293678
584  0.351459   0.000309953
585  0.350882   0.000327192
586  0.350275   0.000344951
587  0.349637   0.000363269
588  0.348966   0.000382649
589  0.348261   0.00040303
590  0.34752   0.000423991
591  0.346743   0.000445731
592  0.345927   0.000468621
593  0.345071   0.000492352
594  0.344174   0.000516671
595  0.343234   0.00054207
596  0.34225   0.000568776
597  0.341219   0.000596222
598  0.34014   0.000624283
599  0.339012   0.000653584
600  0.337834   0.000684172
601  0.336602   0.000715491
602  0.335316   0.000747692
603  0.333974   0.000781276
604  0.332573   0.000815894
605  0.331113   0.000851137
606  0.329592   0.000887573
607  0.328008   0.000925541
608  0.326358   0.000964336
609  0.324641   0.00100371
610  0.322857   0.0010444
611  0.321002   0.0010865
612  0.319076   0.00112928
613  0.317075   0.00117287
614  0.315   0.00121787
615  0.312848   0.00126382
616  0.310618   0.00131023
617  0.308308   0.00135778
618  0.305916   0.00140677
619  0.303441   0.0014563
620  0.300883   0.00150616
621  0.298239   0.00155726
622  0.295508   0.00160956
623  0.292689   0.00166216
624  0.289781   0.00171526
625  0.286782   0.00176953
626  0.283692   0.00182439
627  0.28051   0.00187934
628  0.277235   0.00193516
629  0.273866   0.00199197
630  0.270401   0.00204871
631  0.266842   0.00210541
632  0.263187   0.00216309
633  0.259436   0.00222134
634  0.255588   0.00227913
635  0.251644   0.002337
636  0.247603   0.00239556
637  0.243465   0.00245394
638  0.239231   0.00251176
639  0.234901   0.00256994
640  0.230475   0.00262826
641  0.225953   0.0026856
642  0.221338   0.00274246
643  0.216629   0.00279973
644  0.211827   0.00285649
645  0.206933   0.00291195
646  0.20195   0.00296706
647  0.196877   0.00302212
648  0.191717   0.00307605
649  0.18647   0.00312891
650  0.181139   0.0031816
651  0.175726   0.00323345
652  0.170232   0.0032837
653  0.164659   0.00333342
654  0.15901   0.00338302
655  0.153286   0.00343114
656  0.147491   0.00347773
657  0.141627   0.00352422
658  0.135696   0.00357039
659  0.1297   0.0036152
660  0.123643   0.00365943
661  0.117527   0.00370396
662  0.111356   0.00374822
663  0.105132   0.00379262
664  0.098859   0.00383886
665  0.0925396   0.00388719
666  0.0861774   0.00393786
667  0.0797759   0.00399409
668  0.0733381   0.00406001
669  0.0668674   0.00413921
670  0.0603678   0.00423986
671  0.0538428   0.00438008
672  0.0472956   0.00459502
673  0.0407299   0.00496977
674  0.0341494   0.00578653
675  0.0275579   0.00853236
676  0.0209589   0.0162188
677  0.0143562   0.0219213
678  0.00775309   0.0249681
679  0.00115327   0.0261015
680  -0.00543954   0.0255499
681  -0.0120217   0.0232143
682  -0.0185901   0.0185789
683  -0.0251414   0.0108992
684  -0.0316718   0.0063073
685  -0.0381778   0.00512523
686  -0.0446565   0.00464208
687  -0.0511047   0.00437876
688  -0.0575191   0.00421066
689  -0.0638964   0.00409224
690  -0.0702337   0.00400112
691  -0.076528   0.00392577
692  -0.0827765   0.00386109
693  -0.0889764   0.0038033
694  -0.0951247   0.00374925
695  -0.101219   0.0036982
696  -0.107256   0.00364955
697  -0.113235   0.00360136
698  -0.119152   0.00355318
699  -0.125005   0.00350602
700  -0.130792   0.00345915
701  -0.136511   0.00341123
702  -0.142159   0.00336296
703  -0.147736   0.00331494
704  -0.153239   0.00326621
705  -0.158667   0.00321666
706  -0.164017   0.00316709
707  -0.16929   0.00311699
708  -0.174483   0.00306589
709  -0.179594   0.00301478
710  -0.184624   0.00296372
711  -0.189571   0.0029116
712  -0.194434   0.00285891
713  -0.199212   0.00280672
714  -0.203905   0.00275427
715  -0.208511   0.00270095
716  -0.213031   0.00264775
717  -0.217465   0.00259488
718  -0.221811   0.00254156
719  -0.226069   0.00248814
720  -0.230241   0.0024352
721  -0.234325   0.00238209
722  -0.238321   0.00232882
723  -0.242231   0.00227623
724  -0.246054   0.00222393
725  -0.24979   0.00217127
726  -0.25344   0.00211912
727  -0.257005   0.00206786
728  -0.260485   0.00201655
729  -0.26388   0.00196531
730  -0.267191   0.001915
731  -0.270418   0.00186522
732  -0.273563   0.00181546
733  -0.276626   0.00176641
734  -0.279608   0.00171821
735  -0.28251   0.00167029
736  -0.285332   0.00162302
737  -0.288077   0.00157677
738  -0.290744   0.0015309
739  -0.293336   0.00148535
740  -0.295852   0.00144083
741  -0.298295   0.00139698
742  -0.300664   0.00135338
743  -0.302962   0.00131082
744  -0.305189   0.00126964
745  -0.307349   0.00122911
746  -0.309441   0.00118919
747  -0.311468   0.00115028
748  -0.31343   0.00111182
749  -0.315328   0.00107348
750  -0.317162   0.00103594
751  -0.318934   0.000999469
752  -0.320646   0.000964028
753  -0.322299   0.000930109
754  -0.323896   0.000897683
755  -0.325439   0.000865793
756  -0.326928   0.000834101
757  -0.328364   0.000802815
758  -0.329747   0.000771654
759  -0.331077   0.000740829
760  -0.332357   0.000711462
761  -0.333587   0.000683902
762  -0.334772   0.000657568
763  -0.335914   0.00063224
764  -0.337013   0.00060767
765  -0.33807   0.000583171
766  -0.339087   0.00055875
767  -0.340062   0.000535056
768  -0.340998   0.000512231
769  -0.341896   0.000490249
770  -0.342758   0.000469308
771  -0.343585   0.000449095
772  -0.344378   0.000429191
773  -0.345138   0.00040999
774  -0.345866   0.000391882
775  -0.346563   0.000374589
776  -0.347231   0.00035801
777  -0.347872   0.00034218
778  -0.348485   0.000326601
779  -0.34907   0.000311003
780  -0.34963   0.000295874
781  -0.350163   0.000281519
782  -0.350671   0.00026783
783  -0.351155   0.000254855
784  -0.351617   0.000242506
785  -0.352058   0.000230451
786  -0.352477   0.00021881
787  -0.352876   0.000207913
788  -0.353256   0.000197644
789  -0.353618   0.000187845
790  -0.353963   0.000178525
791  -0.354292   0.000169407
792  -0.354604   0.000160304
793  -0.354901   0.000151583
794  -0.355182   0.000143477
795  -0.35545   0.000135757
796  -0.355704   0.000128341
797  -0.355945   0.000121284
798  -0.356173   0.000114465
799  -0.35639   0.000107955
800  -0.356595   0.000102005
801  -0.35679   9.65235e-05
802  -0.356975   9.12692e-05
803  -0.357151   8.62196e-05
804  -0.357316   8.1341e-05
805  -0.357473   7.66063e-05
806  -0.357621   7.22012e-05
807  -0.357759   6.81503e-05
808  -0.35789   6.41918e-05
809  -0.358012   6.02812e-05
810  -0.358127   5.65822e-05
811  -0.358233   5.30975e-05
812  -0.358331   4.98353e-05
813  -0.358423   4.6888e-05
814  -0.358507   4.41381e-05
815  -0.358585   4.14283e-05
816  -0.358657   3.88639e-05
817  -0.358722   3.65497e-05
818  -0.358781   3.44199e-05
819  -0.358835   3.24348e-05
820  -0.358883   3.05468e-05
821  -0.358926   2.86597e-05
822  -0.358964   2.68377e-05
823  -0.358997   2.52024e-05
824  -0.359026   2.36845e-05
825  -0.35905   2.21987e-05
826  -0.359069   2.07801e-05
827  -0.359085   1.94195e-05
828  -0.359096   1.81143e-05
829  -0.359103   1.69635e-05
830  -0.359107   1.59572e-05
831  -0.359107   1.49649e-05
832  -0.359103   1.39888e-05
833  -0.359096   1.31106e-05
834  -0.359085   1.23219e-05
835  -0.359071   1.16046e-05
836  -0.359054   1.09495e-05
837  -0.359034   1.02922e-05
838  -0.35901   9.62867e-06
839  -0.358983   9.03505e-06
840  -0.358952   8.50689e-06
841  -0.358918   7.99002e-06
842  -0.358881   7.48751e-06
843  -0.35884   6.99544e-06
844  -0.358796   6.50763e-06
845  -0.358749   6.08026e-06
846  -0.358698   5.72233e-06
847  -0.358644   5.35963e-06
848  -0.358586   4.9866e-06
849  -0.358525   4.65877e-06
850  -0.35846   4.37456e-06
851  -0.358392   4.11669e-06
852  -0.358321   3.88746e-06
853  -0.358246   3.65911e-06
854  -0.358168   3.42288e-06
855  -0.358087   3.22069e-06
856  -0.358002   3.05444e-06
857  -0.357913   2.88611e-06
858  -0.357821   2.71246e-06
859  -0.357724   2.54097e-06
860  -0.357624   2.37295e-06
861  -0.357521   2.23055e-06
862  -0.357415   2.1098e-06
863  -0.357306   1.97187e-06
864  -0.357195   1.82458e-06
865  -0.35708   1.70472e-06
866  -0.35696   1.60497e-06
867  -0.356835   1.50798e-06
868  -0.356706   1.4176e-06
869  -0.356572   1.32778e-06
870  -0.356436   1.24055e-06
871  -0.356297   1.17702e-06
872  -0.356158   1.12827e-06
873  -0.356016   1.06843e-06
874  -0.355871   1.00514e-06
875  -0.35572   9.53933e-07
876  -0.355564   9.11394e-07
877  -0.355403   8.73929e-07
878  -0.355237   8.3382e-07
879  -0.355067   7.83528e-07
880  -0.354895   7.38828e-07
881  -0.35472   7.10093e-07
882  -0.354541   6.79461e-07
883  -0.35436   6.40065e-07
884  -0.354174   6.04587e-07
885  -0.353984   5.749e-07
886  -0.353791   5.49064e-07
887  -0.353592   5.28929e-07
888  -0.353388   5.06499e-07
889  -0.353177   4.79838e-07
890  -0.35296   4.6172e-07
891  -0.352737   4.51659e-07
892  -0.352509   4.37703e-07
893  -0.352277   4.20537e-07
894  -0.352041   4.05316e-07
895  -0.351802   3.92084e-07
896  -0.351557   3.8134e-07
897  -0.351307   3.68883e-07
898  -0.351052   3.49876e-07
899  -0.35079   3.30805e-07
900  -0.350522   3.16131e-07
901  -0.350247   2.99226e-07
902  -0.349964   2.77861e-07
903  -0.349672   2.55344e-07
904  -0.349374   2.31695e-07
905  -0.349068   2.08427e-07
906  -0.348757   1.86272e-07
907  -0.348441   1.60216e-07
908  -0.348119   1.30417e-07
909  -0.34779   1.02603e-07
910  -0.347455   7.5382e-08
911  -0.347114   4.46211e-08
912  -0.346766   1.13556e-08
913  -0.34641   2.35427e-08
914  -0.346045   6.03125e-08
915  -0.345671   9.83598e-08
916  -0.345286   1.39804e-07
917  -0.344891   1.86468e-07
918  -0.344487   2.36129e-07
919  -0.344074   2.87797e-07
920  -0.343652   3.42771e-07
921  -0.343221   4.01678e-07
922  -0.342781   4.66199e-07
923  -0.342332   5.3635e-07
924  -0.341875   6.07915e-07
925  -0.341409   6.80652e-07
926  -0.340935   7.60117e-07
927  -0.340449   8.46981e-07
928  -0.339952   9.36114e-07
929  -0.339443   1.02601e-06
930  -0.338922   1.11973e-06
931  -0.338389   1.21943e-06
932  -0.337843   1.32469e-06
933  -0.337284   1.43354e-06
934  -0.336711   1.54366e-06
935  -0.336125   1.65576e-06
936  -0.335528   1.77414e-06
937  -0.334919   1.90022e-06
938  -0.334299   2.02877e-06
939  -0.333666   2.15613e-06
940  -0.333022   2.28715e-06
941  -0.332366   2.42723e-06
942  -0.331699   2.57249e-06
943  -0.331018   2.71571e-06
944  -0.330325   2.85822e-06
945  -0.329616   3.00773e-06
946  -0.328893   3.16476e-06
947  -0.328155   3.32093e-06
948  -0.327402   3.47339e-06
949  -0.326632   3.62906e-06
950  -0.325846   3.79107e-06
951  -0.325044   3.95392e-06
952  -0.324226   4.1134e-06
953  -0.323393   4.27066e-06
954  -0.322545   4.42888e-06
955  -0.321682   4.59028e-06
956  -0.320804   4.75152e-06
957  -0.319911   4.90626e-06
958  -0.319005   5.05654e-06
959  -0.318084   5.21086e-06
960  -0.317148   5.3691e-06
961  -0.316198   5.52079e-06
962  -0.315231   5.66007e-06
963  -0.314248   5.79475e-06
964  -0.313249   5.93401e-06
965  -0.312234   6.07118e-06
966  -0.311202   6.1949e-06
967  -0.310154   6.31284e-06
968  -0.309088   6.43826e-06
969  -0.308007   6.56237e-06
970  -0.30691   6.66852e-06
971  -0.305797   6.75772e-06
972  -0.304669   6.83793e-06
973  -0.303527   6.90996e-06
974  -0.302372   6.97606e-06
975  -0.301204   7.04047e-06
976  -0.300024   7.09975e-06
977  -0.298833   7.14934e-06
978  -0.297629   7.1883e-06
979  -0.296415   7.2075e-06
980  -0.295189   7.19626e-06
981  -0.293951   7.1651e-06
982  -0.292703   7.13615e-06
983  -0.291443   7.11349e-06
984  -0.290172   7.0848e-06
985  -0.288891   7.04079e-06
986  -0.287598   6.97604e-06
987  -0.286295   6.88216e-06
988  -0.284982   6.75644e-06
989  -0.283659   6.6145e-06
990  -0.282327   6.48146e-06
991  -0.280986   6.36499e-06
992  -0.279637   6.24706e-06
993  -0.27828   6.10585e-06
994  -0.276917   5.92936e-06
995  -0.275547   5.71243e-06
996  -0.274173   5.46751e-06
997  -0.272794   5.22708e-06
998  -0.271411   5.00959e-06
999  -0.270025   4.80324e-06
