0 251.222    44.1941
1 252.444    44.1941
2 253.666    44.194
3 254.888    44.1939
4 256.109    44.1938
5 257.331    44.1936
6 258.553    44.1934
7 259.775    44.1931
8 260.997    44.1928
9 262.218    44.1923
10 263.44    44.1918
11 264.662    44.1912
12 265.883    44.1905
13 267.105    44.1897
14 268.327    44.1887
15 269.548    44.1876
16 270.769    44.1864
17 271.991    44.185
18 273.212    44.1834
19 274.433    44.1816
20 275.654    44.1796
21 276.875    44.1775
22 278.096    44.175
23 279.317    44.1724
24 280.538    44.1694
25 281.758    44.1662
26 282.979    44.1627
27 284.199    44.1589
28 285.419    44.1548
29 286.639    44.1503
30 287.859    44.1455
31 289.079    44.1402
32 290.298    44.1345
33 291.518    44.1284
34 292.737    44.1218
35 293.956    44.1147
36 295.174    44.1071
37 296.393    44.0989
38 297.611    44.0901
39 298.828    44.0807
40 300.046    44.0706
41 301.263    44.0599
42 302.479    44.0484
43 303.696    44.0361
44 304.912    44.023
45 306.127    44.0091
46 307.342    43.9942
47 308.556    43.9785
48 309.77    43.9618
49 310.984    43.944
50 312.196    43.9252
51 313.408    43.9053
52 314.62    43.8842
53 315.831    43.862
54 317.04    43.8385
55 318.25    43.8137
56 319.458    43.7876
57 320.666    43.7601
58 321.872    43.7311
59 323.078    43.7007
60 324.282    43.6688
61 325.486    43.6354
62 326.688    43.6003
63 327.889    43.5635
64 329.089    43.5251
65 330.288    43.4849
66 331.486    43.4429
67 332.682    43.3991
68 333.876    43.3535
69 335.069    43.3059
70 336.261    43.2564
71 337.45    43.2049
72 338.638    43.1515
73 339.825    43.0959
74 341.009    43.0384
75 342.192    42.9787
76 343.372    42.917
77 344.551    42.8531
78 345.727    42.7871
79 346.901    42.7189
80 348.073    42.6486
81 349.242    42.5761
82 350.409    42.5014
83 351.574    42.4246
84 352.736    42.3456
85 353.895    42.2644
86 355.052    42.1811
87 356.205    42.0957
88 357.356    42.0082
89 358.504    41.9187
90 359.649    41.8271
91 360.791    41.7335
92 361.929    41.6379
93 363.064    41.5405
94 364.196    41.4412
95 365.324    41.3401
96 366.449    41.2372
97 367.57    41.1328
98 368.688    41.0267
99 369.802    40.9192
100 370.912    40.8102
101 372.018    40.6999
102 373.121    40.5884
103 374.219    40.4758
104 375.313    40.3622
105 376.403    40.2477
106 377.489    40.1324
107 378.571    40.0165
108 379.649    39.9
109 380.722    39.7832
110 381.791    39.6661
111 382.855    39.549
112 383.915    39.4319
113 384.971    39.315
114 386.022    39.1985
115 387.068    39.0825
116 388.11    38.9671
117 389.147    38.8527
118 390.18    38.7392
119 391.208    38.627
120 392.231    38.5161
121 393.25    38.4068
122 394.264    38.2992
123 395.274    38.1936
124 396.279    38.09
125 397.279    37.9886
126 398.274    37.8897
127 399.265    37.7935
128 400.251    37.7
129 401.233    37.6095
130 402.21    37.5222
131 403.183    37.4382
132 404.151    37.3577
133 405.114    37.2809
134 406.073    37.2079
135 407.028    37.1389
136 407.978    37.074
137 408.924    37.0134
138 409.866    36.9573
139 410.803    36.9057
140 411.736    36.8588
141 412.665    36.8168
142 413.59    36.7797
143 414.512    36.7477
144 415.429    36.7209
145 416.342    36.6994
146 417.251    36.6832
147 418.157    36.6725
148 419.059    36.6674
149 419.957    36.6678
150 420.852    36.6739
151 421.743    36.6858
152 422.631    36.7033
153 423.515    36.7267
154 424.397    36.756
155 425.275    36.791
156 426.15    36.832
157 427.022    36.8788
158 427.891    36.9315
159 428.757    36.9901
160 429.62    37.0545
161 430.481    37.1247
162 431.339    37.2007
163 432.195    37.2825
164 433.048    37.37
165 433.898    37.4632
166 434.746    37.562
167 435.592    37.6663
168 436.436    37.7761
169 437.278    37.8914
170 438.118    38.012
171 438.955    38.1379
172 439.791    38.269
173 440.625    38.4052
174 441.457    38.5464
175 442.288    38.6926
176 443.117    38.8436
177 443.944    38.9994
178 444.77    39.1598
179 445.594    39.3248
180 446.417    39.4943
181 447.239    39.6681
182 448.06    39.8463
183 448.879    40.0286
184 449.697    40.2149
185 450.514    40.4053
186 451.33    40.5996
187 452.145    40.7976
188 452.959    40.9993
189 453.772    41.2047
190 454.584    41.4135
191 455.395    41.6258
192 456.206    41.8414
193 457.016    42.0602
194 457.825    42.2821
195 458.633    42.5072
196 459.441    42.7352
197 460.248    42.9661
198 461.055    43.1998
199 461.861    43.4362
200 462.667    43.6753
201 463.472    43.917
202 464.277    44.1612
203 465.081    44.4079
204 465.885    44.6569
205 466.688    44.9082
206 467.491    45.1617
207 468.294    45.4175
208 469.097    45.6753
209 469.899    45.9353
210 470.701    46.1972
211 471.503    46.4611
212 472.304    46.7268
213 473.105    46.9944
214 473.906    47.2638
215 474.707    47.535
216 475.508    47.8078
217 476.308    48.0823
218 477.109    48.3585
219 477.909    48.6362
220 478.709    48.9154
221 479.509    49.1961
222 480.309    49.4783
223 481.109    49.7619
224 481.908    50.0469
225 482.708    50.3333
226 483.507    50.621
227 484.307    50.91
228 485.106    51.2002
229 485.905    51.4917
230 486.705    51.7845
231 487.504    52.0784
232 488.303    52.3735
233 489.102    52.6697
234 489.901    52.9671
235 490.7    53.2655
236 491.5    53.5651
237 492.299    53.8657
238 493.098    54.1674
239 493.897    54.4701
240 494.696    54.7738
241 495.495    55.0785
242 496.294    55.3842
243 497.093    55.6909
244 497.893    55.9985
245 498.692    56.3071
246 499.491    56.6167
247 500.291    56.9271
248 501.09    57.2385
249 501.889    57.5508
250 502.689    57.864
251 503.488    58.1781
252 504.288    58.4931
253 505.088    58.809
254 505.888    59.1258
255 506.688    59.4434
256 507.488    59.7619
257 508.288    60.0813
258 509.088    60.4016
259 509.889    60.7227
260 510.689    61.0447
261 511.49    61.3676
262 512.291    61.6914
263 513.092    62.016
264 513.893    62.3415
265 514.695    62.6678
266 515.497    62.9951
267 516.299    63.3232
268 517.101    63.6522
269 517.903    63.9822
270 518.706    64.313
271 519.509    64.6447
272 520.312    64.9774
273 521.116    65.3109
274 521.92    65.6454
275 522.724    65.9809
276 523.529    66.3173
277 524.334    66.6546
278 525.14    66.993
279 525.946    67.3323
280 526.752    67.6726
281 527.559    68.0139
282 528.367    68.3562
283 529.175    68.6996
284 529.983    69.044
285 530.793    69.3895
286 531.602    69.736
287 532.413    70.0836
288 533.224    70.4323
289 534.036    70.7822
290 534.849    71.1331
291 535.662    71.4852
292 536.477    71.8384
293 537.292    72.1929
294 538.108    72.5485
295 538.925    72.9053
296 539.743    73.2633
297 540.562    73.6225
298 541.382    73.983
299 542.203    74.3447
300 543.025    74.7077
301 543.848    75.072
302 544.673    75.4376
303 545.499    75.8044
304 546.326    76.1726
305 547.154    76.5422
306 547.984    76.913
307 548.815    77.2852
308 549.648    77.6588
309 550.482    78.0337
310 551.318    78.41
311 552.155    78.7877
312 552.994    79.1668
313 553.834    79.5473
314 554.677    79.9292
315 555.521    80.3124
316 556.367    80.6971
317 557.215    81.0832
318 558.064    81.4707
319 558.916    81.8597
320 559.769    82.25
321 560.625    82.6418
322 561.483    83.0349
323 562.343    83.4295
324 563.204    83.8255
325 564.069    84.2228
326 564.935    84.6216
327 565.804    85.0217
328 566.675    85.4232
329 567.548    85.8261
330 568.424    86.2303
331 569.302    86.6358
332 570.182    87.0427
333 571.065    87.4509
334 571.951    87.8604
335 572.839    88.2712
336 573.729    88.6832
337 574.623    89.0965
338 575.518    89.5111
339 576.417    89.9268
340 577.318    90.3437
341 578.222    90.7618
342 579.128    91.181
343 580.038    91.6014
344 580.95    92.0228
345 581.864    92.4454
346 582.782    92.8689
347 583.702    93.2935
348 584.625    93.7191
349 585.551    94.1457
350 586.48    94.5732
351 587.411    95.0015
352 588.346    95.4308
353 589.283    95.8609
354 590.223    96.2918
355 591.165    96.7235
356 592.111    97.156
357 593.059    97.5891
358 594.01    98.0229
359 594.964    98.4574
360 595.921    98.8925
361 596.881    99.3281
362 597.843    99.7643
363 598.808    100.201
364 599.776    100.638
365 600.746    101.076
366 601.719    101.513
367 602.695    101.952
368 603.673    102.39
369 604.655    102.829
370 605.638    103.268
371 606.625    103.707
372 607.614    104.146
373 608.605    104.586
374 609.599    105.025
375 610.596    105.464
376 611.594    105.903
377 612.596    106.343
378 613.6    106.782
379 614.606    107.22
380 615.614    107.659
381 616.625    108.097
382 617.638    108.535
383 618.654    108.972
384 619.672    109.409
385 620.691    109.846
386 621.714    110.282
387 622.738    110.717
388 623.764    111.151
389 624.792    111.585
390 625.823    112.018
391 626.855    112.45
392 627.89    112.882
393 628.926    113.312
394 629.964    113.742
395 631.005    114.17
396 632.047    114.597
397 633.091    115.023
398 634.136    115.448
399 635.184    115.871
400 636.233    116.294
401 637.284    116.715
402 638.336    117.134
403 639.391    117.552
404 640.446    117.968
405 641.504    118.383
406 642.563    118.796
407 643.624    119.207
408 644.686    119.617
409 645.749    120.025
410 646.814    120.431
411 647.881    120.835
412 648.949    121.237
413 650.018    121.637
414 651.089    122.035
415 652.161    122.431
416 653.234    122.824
417 654.309    123.216
418 655.385    123.605
419 656.463    123.992
420 657.541    124.376
421 658.621    124.758
422 659.702    125.138
423 660.785    125.515
424 661.868    125.889
425 662.953    126.261
426 664.039    126.63
427 665.126    126.997
428 666.214    127.36
429 667.304    127.721
430 668.394    128.079
431 669.486    128.435
432 670.579    128.787
433 671.673    129.136
434 672.768    129.482
435 673.864    129.825
436 674.961    130.165
437 676.059    130.502
438 677.159    130.836
439 678.259    131.167
440 679.361    131.494
441 680.463    131.818
442 681.567    132.139
443 682.671    132.456
444 683.777    132.77
445 684.884    133.081
446 685.992    133.389
447 687.1    133.692
448 688.21    133.993
449 689.321    134.29
450 690.433    134.584
451 691.545    134.874
452 692.659    135.161
453 693.774    135.445
454 694.89    135.725
455 696.006    136.001
456 697.124    136.275
457 698.242    136.545
458 699.362    136.811
459 700.482    137.075
460 701.604    137.335
461 702.726    137.592
462 703.849    137.845
463 704.973    138.096
464 706.098    138.343
465 707.223    138.587
466 708.35    138.828
467 709.477    139.067
468 710.605    139.302
469 711.734    139.534
470 712.864    139.764
471 713.994    139.991
472 715.126    140.215
473 716.258    140.436
474 717.39    140.655
475 718.524    140.871
476 719.658    141.085
477 720.793    141.296
478 721.928    141.505
479 723.064    141.711
480 724.201    141.915
481 725.338    142.118
482 726.476    142.318
483 727.615    142.515
484 728.754    142.711
485 729.894    142.905
486 731.034    143.097
487 732.175    143.287
488 733.316    143.475
489 734.458    143.662
490 735.6    143.847
491 736.743    144.03
492 737.887    144.211
493 739.03    144.392
494 740.175    144.57
495 741.319    144.747
496 742.464    144.923
497 743.61    145.098
498 744.756    145.271
499 745.902    145.443
500 747.049    145.615
501 748.196    145.785
502 749.343    145.954
503 750.491    146.122
504 751.639    146.289
505 752.787    146.455
506 753.936    146.621
507 755.085    146.786
508 756.234    146.95
509 757.384    147.113
510 758.533    147.276
511 759.683    147.439
512 760.833    147.601
513 761.984    147.763
514 763.134    147.924
515 764.285    148.085
516 765.436    148.246
517 766.587    148.406
518 767.738    148.567
519 768.889    148.727
520 770.04    148.888
521 771.192    149.048
522 772.344    149.208
523 773.495    149.369
524 774.647    149.529
525 775.799    149.69
526 776.951    149.85
527 778.103    150.011
528 779.255    150.173
529 780.407    150.334
530 781.558    150.496
531 782.71    150.658
532 783.862    150.82
533 785.014    150.983
534 786.166    151.146
535 787.318    151.309
536 788.47    151.473
537 789.622    151.637
538 790.774    151.801
539 791.926    151.966
540 793.077    152.132
541 794.229    152.297
542 795.38    152.464
543 796.531    152.631
544 797.682    152.798
545 798.833    152.966
546 799.984    153.134
547 801.135    153.303
548 802.285    153.472
549 803.436    153.642
550 804.586    153.812
551 805.735    153.983
552 806.885    154.154
553 808.034    154.326
554 809.183    154.498
555 810.332    154.671
556 811.48    154.845
557 812.628    155.019
558 813.775    155.193
559 814.922    155.368
560 816.069    155.543
561 817.215    155.719
562 818.361    155.895
563 819.506    156.071
564 820.651    156.248
565 821.795    156.425
566 822.938    156.603
567 824.081    156.781
568 825.223    156.959
569 826.364    157.138
570 827.505    157.317
571 828.644    157.496
572 829.783    157.675
573 830.921    157.855
574 832.058    158.035
575 833.193    158.214
576 834.328    158.394
577 835.462    158.574
578 836.594    158.754
579 837.725    158.934
580 838.854    159.114
581 839.982    159.294
582 841.109    159.474
583 842.234    159.653
584 843.357    159.832
585 844.479    160.011
586 845.598    160.19
587 846.716    160.368
588 847.831    160.546
589 848.945    160.723
590 850.056    160.9
591 851.164    161.076
592 852.27    161.252
593 853.374    161.426
594 854.474    161.6
595 855.572    161.774
596 856.667    161.946
597 857.758    162.117
598 858.846    162.288
599 859.93    162.457
600 861.011    162.625
601 862.088    162.792
602 863.161    162.957
603 864.23    163.122
604 865.294    163.285
605 866.354    163.446
606 867.409    163.606
607 868.46    163.764
608 869.505    163.921
609 870.544    164.076
610 871.578    164.229
611 872.607    164.381
612 873.629    164.53
613 874.645    164.678
614 875.654    164.823
615 876.657    164.966
616 877.653    165.108
617 878.641    165.247
618 879.622    165.383
619 880.596    165.518
620 881.561    165.65
621 882.518    165.78
622 883.466    165.907
623 884.406    166.032
624 885.336    166.154
625 886.257    166.274
626 887.168    166.391
627 888.07    166.505
628 888.961    166.617
629 889.841    166.726
630 890.71    166.833
631 891.569    166.936
632 892.415    167.037
633 893.25    167.135
634 894.073    167.23
635 894.884    167.323
636 895.681    167.412
637 896.466    167.499
638 897.237    167.583
639 897.995    167.664
640 898.738    167.742
641 899.468    167.817
642 900.182    167.89
643 900.882    167.96
644 901.567    168.026
645 902.236    168.09
646 902.89    168.152
647 903.527    168.21
648 904.148    168.266
649 904.753    168.319
650 905.341    168.369
651 905.911    168.417
652 906.464    168.462
653 907    168.504
654 907.517    168.544
655 908.017    168.581
656 908.498    168.616
657 908.96    168.648
658 909.403    168.678
659 909.828    168.705
660 910.233    168.73
661 910.619    168.753
662 910.985    168.773
663 911.332    168.791
664 911.658    168.807
665 911.965    168.821
666 912.251    168.832
667 912.517    168.841
668 912.762    168.848
669 912.987    168.853
670 913.191    168.856
671 913.374    168.857
672 913.536    168.856
673 913.678    168.853
674 913.798    168.848
675 913.898    168.841
676 913.976    168.832
677 914.033    168.821
678 914.069    168.809
679 914.085    168.794
680 914.079    168.778
681 914.052    168.759
682 914.004    168.739
683 913.935    168.717
684 913.845    168.693
685 913.734    168.668
686 913.603    168.64
687 913.451    168.611
688 913.278    168.579
689 913.085    168.546
690 912.872    168.511
691 912.638    168.474
692 912.385    168.435
693 912.111    168.395
694 911.818    168.352
695 911.505    168.308
696 911.173    168.261
697 910.822    168.213
698 910.452    168.162
699 910.063    168.11
700 909.655    168.055
701 909.229    167.999
702 908.785    167.94
703 908.323    167.88
704 907.843    167.817
705 907.346    167.752
706 906.831    167.685
707 906.3    167.616
708 905.752    167.544
709 905.187    167.471
710 904.606    167.395
711 904.009    167.317
712 903.397    167.237
713 902.769    167.154
714 902.126    167.069
715 901.468    166.982
716 900.796    166.893
717 900.109    166.801
718 899.408    166.707
719 898.694    166.611
720 897.966    166.512
721 897.225    166.411
722 896.471    166.308
723 895.704    166.203
724 894.925    166.095
725 894.134    165.985
726 893.331    165.872
727 892.516    165.758
728 891.69    165.641
729 890.854    165.522
730 890.006    165.4
731 889.148    165.277
732 888.28    165.151
733 887.402    165.023
734 886.515    164.893
735 885.617    164.76
736 884.711    164.626
737 883.796    164.49
738 882.872    164.351
739 881.94    164.211
740 881    164.068
741 880.051    163.924
742 879.095    163.777
743 878.132    163.629
744 877.161    163.479
745 876.184    163.328
746 875.199    163.174
747 874.208    163.019
748 873.211    162.862
749 872.207    162.704
750 871.197    162.544
751 870.182    162.382
752 869.161    162.219
753 868.135    162.055
754 867.103    161.89
755 866.067    161.723
756 865.026    161.554
757 863.979    161.385
758 862.929    161.215
759 861.874    161.043
760 860.815    160.87
761 859.752    160.697
762 858.685    160.522
763 857.614    160.347
764 856.54    160.17
765 855.462    159.993
766 854.381    159.815
767 853.297    159.637
768 852.21    159.457
769 851.12    159.278
770 850.027    159.097
771 848.931    158.916
772 847.833    158.735
773 846.732    158.553
774 845.629    158.371
775 844.523    158.189
776 843.416    158.006
777 842.306    157.823
778 841.194    157.64
779 840.081    157.457
780 838.965    157.274
781 837.848    157.09
782 836.729    156.907
783 835.609    156.723
784 834.487    156.54
785 833.363    156.356
786 832.238    156.173
787 831.112    155.99
788 829.985    155.807
789 828.856    155.624
790 827.727    155.441
791 826.596    155.259
792 825.464    155.076
793 824.331    154.894
794 823.198    154.712
795 822.063    154.531
796 820.928    154.35
797 819.792    154.169
798 818.655    153.988
799 817.517    153.808
800 816.379    153.628
801 815.24    153.449
802 814.1    153.27
803 812.96    153.092
804 811.819    152.914
805 810.678    152.736
806 809.536    152.559
807 808.394    152.382
808 807.252    152.206
809 806.109    152.03
810 804.965    151.855
811 803.821    151.68
812 802.677    151.505
813 801.533    151.331
814 800.388    151.158
815 799.243    150.984
816 798.098    150.812
817 796.953    150.639
818 795.807    150.467
819 794.662    150.295
820 793.516    150.124
821 792.37    149.953
822 791.224    149.782
823 790.077    149.612
824 788.931    149.442
825 787.784    149.272
826 786.638    149.102
827 785.491    148.933
828 784.345    148.764
829 783.198    148.595
830 782.051    148.426
831 780.904    148.257
832 779.758    148.088
833 778.611    147.92
834 777.464    147.752
835 776.318    147.583
836 775.171    147.415
837 774.025    147.247
838 772.878    147.078
839 771.732    146.91
840 770.586    146.741
841 769.44    146.573
842 768.293    146.404
843 767.148    146.235
844 766.002    146.066
845 764.856    145.897
846 763.711    145.727
847 762.565    145.558
848 761.42    145.387
849 760.275    145.217
850 759.13    145.046
851 757.986    144.874
852 756.842    144.703
853 755.698    144.53
854 754.554    144.357
855 753.41    144.184
856 752.267    144.01
857 751.124    143.835
858 749.981    143.66
859 748.838    143.484
860 747.696    143.307
861 746.555    143.129
862 745.413    142.95
863 744.272    142.771
864 743.131    142.591
865 741.991    142.41
866 740.851    142.227
867 739.711    142.044
868 738.572    141.86
869 737.433    141.675
870 736.294    141.488
871 735.156    141.3
872 734.019    141.111
873 732.882    140.921
874 731.745    140.73
875 730.609    140.537
876 729.473    140.344
877 728.338    140.148
878 727.204    139.952
879 726.069    139.754
880 724.936    139.554
881 723.803    139.353
882 722.67    139.15
883 721.539    138.946
884 720.407    138.74
885 719.277    138.533
886 718.147    138.324
887 717.017    138.114
888 715.888    137.902
889 714.76    137.688
890 713.633    137.473
891 712.506    137.255
892 711.38    137.036
893 710.255    136.815
894 709.13    136.592
895 708.006    136.367
896 706.883    136.14
897 705.761    135.912
898 704.64    135.681
899 703.519    135.449
900 702.399    135.215
901 701.28    134.978
902 700.162    134.74
903 699.045    134.499
904 697.929    134.257
905 696.814    134.012
906 695.7    133.765
907 694.587    133.516
908 693.474    133.265
909 692.363    133.012
910 691.253    132.757
911 690.144    132.5
912 689.036    132.24
913 687.93    131.978
914 686.824    131.715
915 685.719    131.449
916 684.616    131.181
917 683.514    130.911
918 682.414    130.638
919 681.314    130.364
920 680.216    130.087
921 679.119    129.808
922 678.024    129.527
923 676.93    129.243
924 675.838    128.958
925 674.747    128.67
926 673.657    128.38
927 672.569    128.088
928 671.483    127.794
929 670.398    127.498
930 669.315    127.2
931 668.233    126.899
932 667.154    126.597
933 666.076    126.293
934 664.999    125.986
935 663.925    125.678
936 662.853    125.367
937 661.782    125.054
938 660.713    124.74
939 659.647    124.423
940 658.582    124.104
941 657.52    123.784
942 656.46    123.462
943 655.401    123.138
944 654.345    122.812
945 653.292    122.485
946 652.24    122.156
947 651.191    121.825
948 650.144    121.493
949 649.1    121.159
950 648.058    120.823
951 647.019    120.486
952 645.982    120.148
953 644.948    119.808
954 643.916    119.466
955 642.888    119.123
956 641.862    118.779
957 640.839    118.433
958 639.818    118.086
959 638.801    117.738
960 637.787    117.39
961 636.775    117.04
962 635.767    116.689
963 634.762    116.337
964 633.76    115.985
965 632.761    115.632
966 631.766    115.278
967 630.773    114.924
968 629.785    114.569
969 628.799    114.213
970 627.817    113.857
971 626.839    113.501
972 625.864    113.144
973 624.893    112.787
974 623.925    112.43
975 622.961    112.073
976 622.001    111.716
977 621.045    111.359
978 620.093    111.002
979 619.144    110.646
980 618.199    110.29
981 617.258    109.935
982 616.322    109.581
983 615.389    109.227
984 614.46    108.874
985 613.535    108.522
986 612.615    108.171
987 611.698    107.822
988 610.786    107.473
989 609.878    107.126
990 608.974    106.78
991 608.074    106.436
992 607.179    106.093
993 606.288    105.752
994 605.402    105.413
995 604.519    105.076
996 603.641    104.741
997 602.768    104.407
998 601.899    104.077
999 601.034    103.748
